UserID,age,gender,occupation,clusterNum
2,1,2,10,9
3,56,1,16,9
4,25,1,15,9
5,45,1,7,7
6,25,1,20,9
7,50,2,9,9
8,35,1,1,8
9,25,1,12,9
10,25,1,17,9
11,35,2,1,9
12,25,2,1,9
13,25,1,12,9
14,45,1,1,9
15,35,1,0,7
16,25,1,7,9
17,35,2,0,7
18,50,1,1,9
19,18,2,3,9
20,1,1,10,9
21,25,1,14,9
22,18,1,16,8
23,18,1,15,9
24,35,1,0,9
25,25,2,7,9
26,18,1,4,9
27,25,1,7,9
28,25,1,11,9
29,25,2,1,9
30,35,1,7,9
31,35,2,7,9
32,56,1,7,9
33,25,2,0,7
34,45,1,3,9
35,18,2,0,9
36,45,1,1,9
37,25,1,3,9
38,25,2,9,8
39,18,2,4,9
40,18,1,4,9
41,45,1,0,9
42,18,2,4,7
43,25,1,8,9
44,25,1,12,9
45,45,1,17,9
46,45,2,16,9
47,18,1,19,9
48,18,1,4,9
49,25,1,4,9
50,18,1,12,9
51,25,2,2,9
52,1,2,10,7
53,18,1,4,9
54,25,1,0,9
55,50,1,1,9
56,35,2,12,9
57,35,1,20,9
58,18,1,19,8
59,25,1,2,9
60,50,2,1,9
61,50,1,1,9
62,25,1,17,9
63,35,2,3,9
64,18,1,4,9
65,18,1,1,9
66,35,1,12,9
67,25,1,18,9
68,50,2,5,9
69,18,1,4,9
70,25,2,1,9
71,18,1,4,9
72,25,1,14,9
73,45,2,0,9
74,18,1,4,9
75,35,1,14,9
76,1,2,10,9
77,35,1,7,9
78,18,1,4,9
79,45,2,1,9
80,45,2,0,9
81,56,1,1,9
82,25,2,0,9
83,25,1,17,9
84,25,2,2,9
85,18,1,4,9
86,18,1,4,9
87,1,2,10,8
88,25,1,14,9
89,45,2,1,9
90,56,2,9,9
91,56,1,13,9
92,35,1,7,9
93,18,2,4,9
94,25,1,17,9
95,25,1,17,6
96,45,1,0,9
97,25,2,16,9
98,35,2,3,9
99,35,2,7,8
100,1,2,10,9
101,35,1,17,9
102,18,2,3,9
103,35,1,19,9
104,45,1,7,9
105,25,1,12,9
106,45,1,12,9
107,35,2,11,9
108,45,1,18,9
109,25,1,12,8
110,45,1,15,9
111,25,1,2,9
112,35,1,15,9
113,25,1,16,9
114,18,1,12,8
115,25,2,2,8
116,25,1,17,8
117,25,1,17,9
118,25,1,17,9
119,35,1,17,9
120,1,2,10,9
121,25,1,11,9
122,35,1,7,9
123,18,2,4,9
124,35,1,9,9
125,56,1,7,9
126,45,1,14,9
127,18,1,9,9
128,45,2,3,9
129,56,1,6,7
130,25,1,11,9
131,35,1,17,9
132,18,1,4,9
133,25,1,17,9
134,25,2,0,9
135,25,1,0,9
136,18,1,4,9
137,18,1,2,9
138,45,2,6,9
139,18,1,20,9
140,25,2,20,9
141,35,2,1,8
142,35,1,13,9
143,25,1,7,8
144,18,1,3,8
145,25,1,17,9
146,18,1,4,9
147,35,2,20,9
148,18,1,4,9
149,50,1,17,9
150,25,1,1,9
151,35,1,7,9
152,25,2,20,9
153,18,1,4,8
154,1,1,10,6
155,50,1,20,9
156,35,1,12,9
157,45,2,7,9
158,35,1,16,9
159,56,1,7,6
160,45,2,0,8
161,35,1,7,8
162,45,1,16,9
163,18,2,4,9
164,18,1,4,9
165,56,2,13,8
166,18,1,16,9
167,18,1,4,9
168,25,2,11,9
169,50,2,0,9
170,25,1,7,9
171,25,1,11,9
172,50,2,17,9
173,25,1,3,9
174,25,1,0,9
175,25,1,16,9
176,25,2,2,9
177,18,2,3,9
178,50,1,1,7
179,56,1,17,9
180,25,1,0,9
181,45,1,12,9
182,18,1,17,9
183,18,1,4,8
184,45,2,1,9
185,25,2,0,9
186,45,1,0,7
187,18,1,5,9
188,45,2,1,9
189,56,1,16,9
190,18,1,0,9
191,25,1,17,9
192,18,1,4,9
193,18,1,1,9
194,45,2,15,9
195,1,2,10,9
196,25,1,12,9
197,35,2,9,9
198,18,1,14,4
199,25,1,12,9
200,18,1,4,9
201,18,2,4,8
202,35,2,2,9
203,18,1,4,9
204,18,2,4,9
205,25,1,7,9
206,35,1,12,9
207,25,1,17,9
208,25,1,12,7
209,35,1,17,9
210,35,1,1,9
211,1,2,10,9
212,45,1,17,9
213,25,1,16,9
214,18,2,4,7
215,18,1,20,9
216,35,1,14,9
217,45,1,13,9
218,18,1,4,9
219,35,1,14,9
220,25,2,4,8
221,25,1,12,9
222,25,2,0,9
223,25,1,1,9
224,25,1,17,9
225,18,2,4,9
226,25,1,7,9
227,35,1,1,9
228,35,1,20,9
229,25,1,15,7
230,18,1,10,9
231,45,1,1,9
232,25,1,3,9
233,25,1,20,9
234,45,2,20,9
235,35,1,7,6
236,25,1,0,9
237,25,1,5,9
238,25,1,6,9
239,50,2,7,9
240,18,1,19,9
241,50,1,17,9
242,35,1,20,9
243,18,2,4,9
244,25,1,16,9
245,50,1,7,8
246,35,1,16,9
247,18,2,4,7
248,25,1,17,9
249,18,1,17,9
250,18,2,14,9
251,35,1,16,8
252,56,1,17,9
253,25,1,12,9
254,25,2,11,9
255,35,1,17,7
256,35,1,0,9
257,45,1,16,9
258,18,1,18,6
259,25,1,7,9
260,25,1,1,9
261,18,1,19,9
262,25,1,20,9
263,25,2,1,9
264,25,2,7,9
265,35,1,0,9
266,35,2,7,9
267,35,1,11,9
268,45,1,12,9
269,18,2,12,9
270,25,1,2,9
271,50,1,14,9
272,18,1,4,9
273,18,1,0,9
274,18,1,4,9
275,18,1,4,9
276,25,1,0,9
277,45,1,16,9
278,35,2,1,7
279,45,1,18,9
280,25,1,14,9
281,50,1,7,9
282,35,2,0,9
283,25,1,17,9
284,25,1,0,9
285,25,1,12,9
286,35,2,0,9
287,25,1,1,9
288,50,1,13,9
289,25,2,12,9
290,25,2,0,9
291,25,2,20,9
292,35,1,12,9
293,35,1,7,9
294,56,1,1,9
295,45,2,9,9
296,18,1,0,9
297,50,1,5,9
298,18,1,2,9
299,18,2,4,8
300,25,1,12,9
301,25,1,7,9
302,18,1,4,9
303,18,1,4,9
304,25,1,7,9
305,25,1,0,9
306,18,2,0,9
307,18,1,0,9
308,50,1,16,9
309,25,1,2,9
310,25,1,4,9
311,18,2,4,9
312,18,1,4,8
313,50,2,2,9
314,18,2,4,9
315,56,2,9,9
316,56,2,1,9
317,56,1,13,9
318,35,1,7,9
319,56,2,13,9
320,50,2,6,9
321,35,1,6,7
322,18,1,4,9
323,56,1,17,7
324,45,1,12,9
325,35,1,17,8
326,50,2,3,7
327,50,1,11,9
328,35,1,18,9
329,35,1,12,9
330,35,1,7,9
331,56,1,7,9
332,25,1,7,9
333,50,1,1,9
334,35,1,2,9
335,56,2,2,9
336,35,1,18,9
337,18,1,0,9
338,18,1,19,9
339,35,1,7,9
340,50,1,7,9
341,25,2,3,9
342,56,2,13,8
343,18,1,12,9
344,35,2,3,9
345,35,1,14,9
346,25,1,12,9
347,25,2,0,9
348,56,2,1,9
349,50,1,7,9
350,1,1,10,9
351,45,1,20,9
352,18,1,4,9
353,18,1,4,9
354,35,2,7,9
355,35,1,1,9
356,18,1,3,9
357,56,1,20,8
358,18,1,0,9
359,56,2,1,9
360,25,1,17,9
361,35,1,17,9
362,25,2,14,9
363,35,1,20,8
364,18,1,10,8
365,35,2,1,9
366,18,2,4,9
367,50,1,15,9
368,50,1,12,9
369,25,1,0,9
370,35,1,1,9
371,18,1,17,9
372,18,1,4,9
373,18,2,4,9
374,25,2,2,9
375,35,2,14,9
376,25,1,2,9
377,35,1,1,9
378,25,1,17,9
379,18,2,0,9
380,35,2,1,8
381,25,1,2,9
382,35,1,17,9
383,35,2,20,9
384,25,2,7,9
385,25,1,11,9
386,25,1,6,9
387,25,1,0,9
388,35,2,7,8
389,25,2,0,8
390,25,1,6,8
391,25,1,4,9
392,45,1,11,9
393,18,1,7,9
394,35,1,17,9
395,18,1,0,9
396,18,1,5,7
397,25,1,1,9
398,35,1,17,9
399,25,1,17,9
400,35,2,6,7
401,18,2,3,9
402,18,1,0,9
403,25,1,11,9
404,18,1,4,9
405,18,1,4,9
406,56,1,1,9
407,25,1,20,9
408,18,1,17,8
409,25,1,11,9
410,18,1,12,9
411,25,2,1,9
412,45,2,1,9
413,35,1,15,9
414,25,1,11,9
415,25,1,0,9
416,35,2,0,9
417,45,1,14,9
418,25,2,0,9
419,25,2,3,9
420,18,1,3,9
421,35,1,1,9
422,45,2,3,9
423,56,1,17,9
424,18,1,4,9
425,25,1,17,9
426,25,1,12,9
427,18,1,4,9
428,35,1,12,8
429,18,2,4,9
430,18,1,0,9
431,18,2,10,9
432,18,1,10,9
433,45,1,16,9
434,50,1,6,9
435,45,2,3,9
436,25,1,7,9
437,18,1,4,9
438,35,1,17,9
439,18,1,11,9
440,35,1,14,9
441,56,1,1,9
442,35,1,1,9
443,25,1,1,9
444,25,1,3,9
445,56,1,0,9
446,45,1,12,9
447,50,2,0,9
448,45,2,11,9
449,25,1,17,7
450,25,1,7,9
451,45,1,1,9
452,56,1,13,9
453,50,1,17,9
454,18,1,4,9
455,25,1,20,9
456,35,2,2,6
457,35,1,0,9
458,18,1,4,9
459,50,1,16,8
460,18,2,4,9
461,45,1,18,9
462,50,1,7,9
463,18,1,16,9
464,25,1,7,9
465,18,2,4,9
466,18,1,19,9
467,25,1,5,9
468,35,2,3,9
469,1,2,10,9
470,35,1,6,7
471,1,2,10,8
472,35,1,7,9
473,35,1,0,9
474,18,2,4,9
475,25,1,17,9
476,25,2,2,9
477,35,1,0,9
478,35,1,14,9
479,50,1,16,9
480,25,1,12,9
481,18,2,4,9
482,45,1,7,9
483,25,1,14,9
484,18,1,12,9
485,1,2,10,7
486,56,1,7,9
487,56,1,0,9
488,35,2,17,8
489,25,1,12,9
490,18,1,4,9
491,1,1,10,9
492,18,1,4,9
493,25,1,12,9
494,50,1,7,9
495,35,2,0,9
496,18,1,10,7
497,18,1,4,9
498,25,2,17,9
499,35,1,17,9
500,25,2,1,9
501,18,2,2,9
502,25,1,2,9
503,35,1,6,9
504,35,1,11,8
505,25,1,2,9
506,35,1,17,9
507,25,1,16,9
508,25,2,0,9
509,25,1,12,9
510,25,1,2,9
511,18,1,12,9
512,45,2,4,9
513,35,1,0,9
514,25,1,0,9
515,25,1,2,9
516,25,1,1,9
517,56,2,14,9
518,25,2,14,9
519,35,2,12,9
520,35,2,14,8
521,35,2,20,9
522,56,1,7,8
523,25,1,12,9
524,50,1,7,9
525,18,1,0,9
526,35,1,6,9
527,45,1,17,9
528,25,2,2,8
529,18,2,17,9
530,35,1,12,9
531,25,1,2,9
532,18,2,14,9
533,25,1,7,8
534,25,1,12,9
535,25,1,15,9
536,35,1,6,7
537,25,1,20,9
538,45,1,14,9
539,56,1,16,9
540,25,1,2,9
541,18,1,1,9
542,18,2,4,9
543,18,1,4,9
544,25,1,5,9
545,35,1,12,8
546,35,1,17,8
547,25,2,0,9
548,35,1,12,9
549,35,2,16,9
550,25,1,6,9
551,45,1,8,9
552,35,1,20,9
553,50,1,18,9
554,25,1,2,9
555,25,1,12,9
556,18,1,4,8
557,25,2,9,9
558,56,1,1,9
559,35,1,20,9
560,25,2,7,9
561,45,1,15,9
562,18,2,14,9
563,35,1,20,9
564,25,1,4,9
565,45,1,1,9
566,25,1,16,6
567,25,1,17,9
568,35,1,20,9
569,50,2,17,6
570,18,2,4,9
571,25,1,4,9
572,50,1,5,9
573,18,1,4,8
574,35,2,2,9
575,25,1,19,9
576,25,1,12,9
577,45,2,15,9
578,35,1,0,9
579,18,1,17,9
580,25,1,5,9
581,1,1,10,9
582,50,1,14,9
583,18,1,4,9
584,25,2,0,9
585,25,2,0,9
586,18,1,1,9
587,35,1,14,9
588,25,1,20,9
589,25,2,11,9
590,18,1,2,9
591,35,2,6,9
592,25,1,0,9
593,18,1,0,6
594,50,2,1,9
595,56,2,13,9
596,25,1,7,9
597,25,2,1,9
598,35,1,12,9
599,35,1,7,7
600,50,1,6,9
601,35,1,17,9
602,18,2,20,9
603,56,2,6,9
604,25,2,6,8
605,45,1,17,9
606,18,2,4,9
607,1,2,10,9
608,25,1,0,5
609,18,1,4,9
610,25,1,7,7
611,25,1,4,9
612,35,1,0,9
613,50,1,7,9
614,35,1,20,9
615,35,1,1,9
616,50,1,17,9
617,25,1,7,9
618,25,2,7,8
619,25,1,0,8
620,18,2,1,9
621,18,1,0,9
622,18,1,4,9
623,25,1,0,9
624,25,1,17,9
625,25,1,1,9
626,35,2,12,9
627,18,1,4,9
628,50,1,2,8
629,35,2,0,7
630,1,2,10,9
631,35,2,14,9
632,35,1,17,9
633,45,1,17,9
634,25,1,17,9
635,1,2,10,8
636,56,1,17,9
637,18,1,20,9
638,35,1,12,9
639,25,1,6,9
640,45,1,17,9
641,18,1,4,6
642,35,2,0,9
643,35,2,1,9
644,25,1,2,9
645,25,1,20,9
646,35,1,20,6
647,35,1,7,9
648,35,1,12,9
649,25,2,12,9
650,25,1,4,9
651,25,1,17,9
652,35,1,7,9
653,18,1,20,9
654,56,1,13,7
655,50,1,7,9
656,25,2,2,9
657,45,2,16,9
658,50,2,13,9
659,25,2,0,9
660,25,2,0,9
661,45,1,16,9
662,45,1,1,9
663,18,1,4,9
664,25,2,7,9
665,35,1,18,9
666,18,1,2,7
667,18,2,0,9
668,25,1,18,9
669,25,2,3,8
670,25,1,17,9
671,25,1,12,9
672,18,1,4,9
673,35,1,7,9
674,25,1,20,9
675,25,1,17,9
676,25,1,20,9
677,18,1,16,9
678,50,1,2,9
679,25,1,0,9
680,35,1,16,9
681,25,1,12,9
682,35,1,7,9
683,25,1,4,9
684,25,1,4,7
685,25,1,4,9
686,25,1,4,9
687,18,1,4,6
688,25,2,7,9
689,56,1,13,9
690,50,2,0,9
691,25,1,12,9
692,35,1,11,9
693,25,2,0,9
694,35,1,12,9
695,18,1,4,8
696,18,2,1,9
697,25,1,12,9
698,50,2,6,9
699,18,1,4,9
700,18,1,0,9
701,50,1,17,7
702,18,2,4,9
703,35,1,7,9
704,56,2,1,6
705,35,2,8,9
706,25,1,4,9
707,35,1,20,9
708,35,1,7,9
709,25,1,0,8
710,18,1,0,9
711,25,1,20,9
712,25,1,18,9
713,25,1,0,9
714,35,1,7,9
715,18,1,4,9
716,18,1,0,9
717,18,1,4,9
718,25,1,11,9
719,18,1,2,9
720,1,1,0,9
721,18,1,0,9
722,35,2,9,9
723,25,1,12,9
724,25,1,12,9
725,50,1,13,9
726,56,1,11,9
727,25,2,9,9
728,35,1,11,9
729,25,1,6,9
730,35,1,12,9
731,25,1,0,9
732,45,1,3,9
733,25,1,7,9
734,35,1,16,9
735,25,1,7,9
736,25,1,14,9
737,18,1,12,9
738,1,1,19,9
739,18,1,17,9
740,35,1,12,9
741,25,1,14,8
742,25,1,5,9
743,18,1,0,9
744,1,2,2,9
745,25,1,17,9
746,1,1,10,6
747,18,2,19,9
748,18,1,4,9
749,25,1,0,9
750,35,1,18,9
751,35,2,9,9
752,25,2,17,6
753,25,2,3,9
754,1,1,10,9
755,35,1,7,9
756,35,2,0,9
757,35,1,0,9
758,25,1,12,9
759,35,1,7,9
760,56,2,3,9
761,56,1,15,9
762,18,1,7,8
763,1,1,10,9
764,18,1,10,8
765,18,1,20,9
766,25,1,17,9
767,25,2,7,9
768,25,1,12,9
769,25,1,12,9
770,45,1,17,9
771,18,1,4,9
772,50,2,1,9
773,18,1,12,9
774,25,1,6,9
775,18,1,4,9
776,1,1,17,8
777,25,2,3,8
778,18,1,19,9
779,18,1,17,9
780,25,1,0,9
781,25,1,17,9
782,18,1,4,9
783,56,1,1,8
784,25,1,4,9
785,18,1,0,9
786,18,1,19,9
787,25,1,0,9
788,18,1,4,9
789,25,1,0,9
790,18,1,1,9
791,25,1,17,9
792,35,1,7,9
793,25,1,17,9
794,35,2,14,9
795,50,1,20,9
796,35,2,14,9
797,50,1,6,9
798,50,2,7,9
799,25,2,20,9
800,25,2,5,8
801,35,2,12,9
802,25,2,20,9
803,25,1,16,9
804,18,1,4,9
805,25,1,20,9
806,35,1,12,9
807,35,1,0,9
808,18,1,4,9
809,25,1,7,9
810,25,1,17,9
811,25,1,12,9
812,50,1,0,9
813,25,1,6,9
814,18,1,4,7
815,18,2,4,9
816,25,1,4,7
817,45,1,0,9
818,18,1,4,9
819,18,1,4,9
820,35,1,7,9
821,35,1,7,9
822,18,1,2,6
823,25,2,1,9
824,25,1,0,9
825,35,1,12,9
826,56,1,1,9
827,35,2,1,9
828,45,1,2,8
829,18,1,4,8
830,1,1,19,9
831,35,1,7,9
832,45,2,0,9
833,18,1,2,9
834,35,1,7,9
835,35,2,12,9
836,56,1,0,9
837,25,1,11,9
838,56,1,7,9
839,50,1,17,9
840,25,1,0,9
841,25,2,3,9
842,50,2,14,9
843,18,2,0,9
844,25,1,7,9
845,25,1,0,9
846,18,2,0,9
847,25,1,5,9
848,25,2,7,9
849,25,1,15,9
850,25,1,3,9
851,35,1,0,9
852,18,1,4,9
853,25,1,5,8
854,25,1,17,9
855,25,2,16,9
856,18,2,2,9
857,45,2,6,9
858,35,1,17,9
859,35,1,14,9
860,25,1,12,9
861,18,1,0,9
862,25,1,7,9
863,35,1,7,9
864,25,1,7,9
865,25,2,0,9
866,35,1,1,9
867,1,1,10,9
868,45,1,12,9
869,50,1,17,9
870,18,1,20,9
871,25,2,1,9
872,1,1,10,7
873,50,1,1,9
874,56,1,6,9
875,45,1,15,9
876,1,1,10,9
877,25,1,4,9
878,25,1,0,9
879,18,1,2,9
880,45,1,16,9
881,35,1,17,9
882,18,1,14,9
883,18,1,2,9
884,35,2,14,8
885,1,1,10,9
886,35,1,0,9
887,56,2,0,9
888,56,2,16,9
889,1,2,10,8
890,45,1,20,9
891,18,1,4,9
892,25,1,1,9
893,35,1,0,9
894,50,2,6,9
895,18,1,4,9
896,50,1,1,9
897,18,1,15,9
898,25,1,6,9
899,25,1,7,8
900,25,2,1,9
901,56,2,13,9
902,56,2,0,8
903,56,1,0,9
904,56,1,13,9
905,35,1,20,9
906,45,2,12,9
907,1,1,10,6
908,45,2,6,9
909,50,2,1,9
910,45,1,7,9
911,50,2,0,9
912,50,1,0,9
913,35,2,2,9
914,25,1,0,9
915,35,2,9,9
916,25,1,7,9
917,25,2,1,9
918,50,1,6,7
919,45,2,1,9
920,35,2,1,9
921,18,1,4,9
922,25,1,17,9
923,56,1,16,9
924,25,1,7,9
925,50,1,17,9
926,35,2,3,9
927,1,1,10,8
928,25,2,20,9
929,56,2,16,9
930,25,1,15,9
931,25,1,5,9
932,56,2,1,9
933,35,2,6,6
934,45,1,1,9
935,35,2,7,9
936,35,1,14,9
937,18,1,4,9
938,25,1,15,9
939,25,2,1,9
940,25,2,20,9
941,1,1,10,9
942,18,1,20,6
943,50,2,6,7
944,45,2,12,9
945,35,1,0,9
946,45,1,7,9
947,35,1,7,9
948,18,1,0,7
949,56,1,12,9
950,50,1,17,9
951,35,1,7,9
952,45,1,2,9
953,56,1,16,9
954,50,1,20,9
955,25,2,0,9
956,50,2,7,9
957,35,1,1,9
958,35,1,1,9
959,35,1,2,9
960,50,1,11,9
961,1,1,10,9
962,18,1,10,9
963,25,2,1,9
964,25,1,0,9
965,25,1,7,9
966,56,1,7,9
967,56,1,2,9
968,18,2,0,7
969,50,1,12,9
970,25,2,11,7
971,25,1,0,9
972,25,1,12,9
973,45,1,1,9
974,25,2,1,9
975,35,1,19,9
976,35,1,0,9
977,35,1,14,9
978,25,1,2,9
979,18,1,0,8
980,1,1,10,9
981,25,1,6,9
982,25,1,20,9
983,25,2,9,9
984,25,2,16,9
985,50,1,16,9
986,25,1,4,9
987,56,2,0,6
988,35,2,17,9
989,50,1,11,9
990,50,1,0,9
991,18,1,6,9
992,25,2,9,9
993,35,2,3,9
994,25,1,0,9
995,18,1,2,9
996,18,2,4,8
997,25,1,17,9
998,1,1,19,9
999,45,1,20,9
1000,25,1,15,9
1001,25,2,6,9
1002,25,1,4,9
1003,50,1,11,9
1004,25,1,2,9
1005,25,1,3,9
1006,35,1,11,9
1007,18,1,4,7
1008,50,1,12,9
1009,35,1,3,9
1010,50,1,7,9
1011,25,1,0,9
1012,25,1,8,9
1013,35,2,1,9
1014,56,1,13,6
1015,45,2,17,9
1016,35,1,3,9
1017,56,1,16,9
1018,35,1,0,9
1019,18,1,4,9
1020,35,1,1,9
1021,18,1,20,9
1022,35,1,0,9
1023,25,1,3,9
1024,56,1,13,9
1025,35,2,1,9
1026,25,1,16,4
1027,45,2,0,9
1028,18,1,4,9
1029,45,2,7,9
1030,25,1,0,9
1031,25,1,7,9
1032,35,1,16,9
1033,50,1,16,9
1034,25,1,5,9
1035,35,2,1,9
1036,18,1,2,9
1037,35,1,7,9
1038,45,1,7,7
1039,56,2,15,9
1040,35,2,1,7
1041,25,1,11,9
1042,45,1,2,9
1043,35,1,5,8
1044,50,2,11,9
1045,25,1,20,9
1046,1,2,10,6
1047,56,1,18,9
1048,18,1,0,9
1049,35,1,6,9
1050,45,1,14,9
1051,25,1,1,9
1052,25,2,0,9
1053,35,2,2,9
1054,35,1,0,9
1055,1,1,10,9
1056,35,1,0,9
1057,1,1,0,9
1058,45,1,17,9
1059,25,1,1,9
1060,25,2,0,9
1061,18,1,10,9
1062,45,1,0,9
1063,50,1,19,9
1064,35,1,7,9
1065,25,1,7,9
1066,25,2,0,8
1067,45,1,12,9
1068,35,1,12,9
1069,18,2,4,9
1070,25,1,20,9
1071,45,2,2,9
1072,50,1,16,9
1073,35,2,7,9
1074,25,2,6,9
1075,45,1,17,9
1076,25,2,6,8
1077,25,2,3,6
1078,25,1,3,9
1079,45,2,9,9
1080,25,1,7,9
1081,56,1,7,9
1082,18,1,4,6
1083,45,1,7,9
1084,56,1,0,9
1085,1,1,19,9
1086,25,1,7,9
1087,18,1,4,9
1088,25,1,16,9
1089,1,2,10,9
1090,35,1,6,9
1091,25,1,7,9
1092,18,1,5,9
1093,18,2,4,8
1094,50,1,14,9
1095,18,2,0,9
1096,56,2,6,9
1097,1,1,10,9
1098,18,1,17,9
1099,35,1,7,9
1100,25,1,17,9
1101,25,1,0,9
1102,35,1,1,9
1103,18,1,1,9
1104,45,2,7,9
1105,35,1,11,9
1106,35,1,6,9
1107,18,1,4,9
1108,50,2,1,9
1109,56,1,1,9
1110,18,1,10,9
1111,56,2,6,9
1112,50,2,16,9
1113,18,1,6,9
1114,18,1,4,9
1115,18,2,9,9
1116,25,2,1,9
1117,25,1,15,9
1118,18,1,14,9
1119,50,1,13,9
1120,35,1,1,9
1121,18,1,4,9
1122,56,1,7,9
1123,56,1,14,9
1124,50,1,0,8
1125,25,1,2,9
1126,18,2,4,9
1127,56,1,16,9
1128,25,1,0,9
1129,25,1,1,9
1130,35,1,17,9
1131,18,1,7,9
1132,56,1,13,9
1133,18,1,12,9
1134,18,1,2,9
1135,18,1,20,9
1136,50,1,13,9
1137,35,2,7,9
1138,18,1,4,9
1139,18,1,12,9
1140,25,1,1,9
1141,45,2,2,9
1142,25,2,3,9
1143,18,1,1,9
1144,50,1,7,9
1145,25,1,7,6
1146,50,1,3,9
1147,18,2,16,9
1148,25,1,20,9
1149,35,1,17,9
1150,25,1,12,9
1151,25,2,20,9
1152,25,1,15,9
1153,18,1,4,9
1154,18,1,10,9
1155,1,2,10,8
1156,25,1,12,9
1157,50,2,2,9
1158,45,1,7,9
1159,35,2,1,9
1160,18,1,0,9
1161,18,1,14,9
1162,25,1,0,9
1163,35,2,0,9
1164,1,1,10,9
1165,25,2,19,9
1166,25,1,12,9
1167,56,1,6,6
1168,50,2,1,9
1169,25,2,0,9
1170,25,1,20,9
1171,56,1,3,9
1172,45,1,12,8
1173,25,2,0,9
1174,25,2,7,9
1175,18,2,16,9
1176,25,2,2,8
1177,56,1,1,9
1178,25,2,17,9
1179,56,1,0,9
1180,50,1,1,9
1181,50,2,20,9
1182,35,1,7,9
1183,1,1,10,9
1184,35,1,19,9
1185,25,2,4,9
1186,35,2,1,9
1187,18,1,19,9
1188,1,2,0,8
1189,45,1,7,7
1190,25,1,0,8
1191,45,1,0,9
1192,35,2,0,9
1193,50,1,16,9
1194,25,1,12,9
1195,25,2,1,9
1196,1,2,10,9
1197,18,2,14,9
1198,35,1,1,9
1199,1,1,10,9
1200,50,1,13,9
1201,1,1,0,9
1202,18,1,4,9
1203,35,1,12,9
1204,25,2,1,9
1205,25,1,7,9
1206,56,2,0,9
1207,50,2,7,9
1208,50,1,0,9
1209,25,1,0,9
1210,35,1,7,9
1211,25,1,17,9
1212,18,1,4,9
1213,50,2,1,9
1214,50,1,0,9
1215,56,1,13,9
1216,35,1,17,9
1217,25,1,2,9
1218,25,1,12,8
1219,56,1,15,9
1220,25,1,7,9
1221,1,1,10,9
1222,18,1,0,9
1223,35,1,0,9
1224,25,1,2,9
1225,50,1,13,9
1226,45,1,7,9
1227,18,1,20,9
1228,50,1,1,9
1229,25,1,1,9
1230,25,2,4,9
1231,25,1,11,9
1232,25,1,12,9
1233,18,2,4,9
1234,45,2,20,9
1235,18,1,4,7
1236,25,2,7,9
1237,25,2,1,9
1238,18,1,4,9
1239,35,2,20,9
1240,25,2,20,9
1241,18,2,14,9
1242,1,1,10,9
1243,35,2,0,9
1244,35,1,15,9
1245,25,1,4,9
1246,25,1,17,9
1247,18,1,4,9
1248,35,1,0,7
1249,35,2,20,9
1250,35,1,2,9
1251,50,1,0,9
1252,25,1,7,7
1253,56,1,13,9
1254,35,2,20,9
1255,18,2,1,9
1256,25,1,17,9
1257,25,1,20,9
1258,18,2,14,6
1259,45,1,7,9
1260,35,1,7,8
1261,25,1,17,9
1262,18,1,4,9
1263,25,1,4,9
1264,1,1,10,9
1265,25,1,1,9
1266,18,2,20,9
1267,25,1,4,9
1268,25,1,15,9
1269,50,1,2,9
1270,56,2,13,9
1271,25,1,6,9
1272,45,2,6,9
1273,18,1,20,9
1274,35,1,2,9
1275,45,1,7,9
1276,50,1,17,9
1277,35,1,17,9
1278,18,2,0,9
1279,18,1,4,9
1280,35,1,1,9
1281,1,1,10,7
1282,25,1,19,9
1283,50,1,1,9
1284,18,2,1,9
1285,45,1,16,9
1286,35,1,4,9
1287,35,1,17,9
1288,50,2,7,9
1289,35,2,19,9
1290,45,1,6,9
1291,35,1,0,9
1292,35,2,0,9
1293,25,1,7,8
1294,25,1,5,9
1295,50,2,20,9
1296,35,2,6,9
1297,1,1,0,9
1298,25,1,7,9
1299,35,1,6,9
1300,25,1,14,9
1301,1,1,10,9
1302,25,2,2,9
1303,18,1,4,9
1304,25,1,19,9
1305,25,1,14,9
1306,45,1,20,9
1307,25,1,3,9
1308,56,1,13,7
1309,1,1,10,9
1310,25,1,14,9
1311,45,1,0,9
1312,18,1,10,9
1313,25,1,14,9
1314,18,1,4,6
1315,18,2,4,9
1316,35,1,7,9
1317,50,1,2,9
1318,45,1,7,9
1319,18,1,16,9
1320,25,2,3,7
1321,25,1,4,9
1322,25,2,14,9
1323,56,1,0,9
1324,35,2,2,9
1325,35,1,16,9
1326,25,1,1,9
1327,25,2,0,9
1328,1,1,10,9
1329,35,1,14,9
1330,18,1,14,9
1331,56,1,1,9
1332,45,1,0,9
1333,25,1,7,9
1334,25,1,17,9
1335,50,1,7,9
1336,35,1,0,9
1337,50,2,20,9
1338,56,1,17,8
1339,25,1,0,9
1340,35,1,18,9
1341,25,1,7,9
1342,18,1,7,9
1343,35,1,0,9
1344,35,1,14,9
1345,25,2,9,9
1346,25,2,2,9
1347,35,1,20,9
1348,18,2,1,9
1349,1,2,10,9
1350,50,1,7,9
1351,35,2,0,9
1352,25,2,17,8
1353,35,1,20,9
1354,1,1,10,9
1355,25,2,2,9
1356,45,2,20,9
1357,18,2,4,9
1358,45,1,0,9
1359,35,1,17,9
1360,35,1,1,9
1361,25,1,20,9
1362,25,2,0,9
1363,35,1,12,9
1364,50,1,7,7
1365,45,2,2,9
1366,1,2,10,9
1367,1,1,10,9
1368,25,1,12,9
1369,25,2,3,9
1370,25,1,5,9
1371,35,1,2,9
1372,50,2,2,8
1373,1,1,10,6
1374,25,2,1,9
1375,50,1,1,9
1376,45,2,5,8
1377,45,2,1,9
1378,35,1,16,9
1379,45,2,7,9
1380,56,2,13,9
1381,1,1,10,9
1382,18,1,11,9
1383,45,2,1,9
1384,25,2,7,9
1385,18,1,10,6
1386,25,2,5,6
1387,25,2,0,9
1388,50,2,13,9
1389,56,1,20,9
1390,25,1,17,9
1391,35,1,16,9
1392,35,1,15,9
1393,45,1,3,9
1394,18,1,4,9
1395,25,2,3,6
1396,25,1,2,9
1397,25,2,12,9
1398,35,1,7,9
1399,56,2,16,7
1400,18,1,17,9
1401,25,1,7,9
1402,18,2,1,9
1403,18,1,4,9
1404,25,2,0,9
1405,50,1,16,9
1406,56,1,13,9
1407,25,1,4,6
1408,35,2,15,9
1409,25,1,0,9
1410,18,1,4,9
1411,50,1,7,9
1412,35,1,1,9
1413,25,1,17,9
1414,18,1,3,9
1415,18,1,4,9
1416,45,1,14,9
1417,25,1,14,9
1418,35,1,16,7
1419,18,1,4,9
1420,25,2,1,9
1421,18,1,4,9
1422,1,2,10,9
1423,35,1,17,9
1424,25,1,4,9
1425,35,1,0,9
1426,1,1,10,9
1427,18,1,14,9
1428,25,1,12,9
1429,45,2,11,9
1430,35,2,3,8
1431,18,1,4,9
1432,56,1,6,6
1433,35,1,1,9
1434,18,2,14,9
1435,1,2,10,9
1436,25,1,14,9
1437,50,2,6,9
1438,50,1,3,9
1439,18,1,2,9
1440,35,1,3,9
1441,35,1,12,9
1442,35,1,16,9
1443,18,1,2,9
1444,35,1,2,9
1445,25,2,4,7
1446,25,1,2,6
1447,35,1,12,9
1448,18,1,4,9
1449,25,2,3,9
1450,35,1,20,9
1451,18,1,4,9
1452,35,1,20,9
1453,56,2,13,8
1454,25,1,14,7
1455,18,1,4,9
1456,45,2,0,9
1457,25,1,2,9
1458,25,1,1,9
1459,1,1,0,9
1460,25,2,0,7
1461,18,2,4,8
1462,45,2,0,9
1463,35,1,16,9
1464,50,1,16,9
1465,35,1,12,9
1466,50,1,16,9
1467,18,1,4,9
1468,25,1,5,9
1469,1,1,14,9
1470,56,1,20,8
1471,18,1,4,9
1472,25,1,17,6
1473,25,1,7,9
1474,25,1,14,9
1475,25,1,4,9
1476,25,2,2,9
1477,18,2,0,9
1478,45,2,1,9
1479,1,1,10,9
1480,50,2,2,9
1481,25,1,20,6
1482,35,1,17,9
1483,25,1,7,9
1484,18,1,4,9
1485,25,1,12,9
1486,25,2,9,9
1487,25,1,16,9
1488,35,1,7,6
1489,25,1,7,9
1490,35,2,2,9
1491,50,1,7,9
1492,18,1,4,9
1493,25,1,12,9
1494,25,2,14,7
1495,25,1,17,9
1496,18,1,0,9
1497,25,1,17,9
1498,50,1,5,9
1499,18,1,4,9
1500,1,1,10,9
1501,25,1,17,9
1502,25,1,11,9
1503,18,1,4,9
1504,25,1,12,9
1505,18,1,19,9
1506,50,1,11,9
1507,25,1,7,9
1508,35,1,17,9
1509,1,2,10,9
1510,1,1,0,9
1511,25,2,1,7
1512,35,1,12,9
1513,25,1,20,6
1514,35,2,16,9
1515,18,1,4,9
1516,25,1,16,6
1517,25,2,12,9
1518,18,1,0,9
1519,25,1,2,9
1520,18,1,4,9
1521,25,1,17,8
1522,25,2,7,9
1523,35,1,20,9
1524,25,1,17,9
1525,18,1,4,9
1526,25,2,16,9
1527,56,1,17,9
1528,18,1,10,9
1529,25,1,15,8
1530,18,1,4,9
1531,25,1,4,9
1532,45,1,17,9
1533,18,1,14,9
1534,45,1,1,9
1535,50,1,12,9
1536,18,2,20,9
1537,35,2,3,9
1538,18,1,20,9
1539,25,1,3,9
1540,25,1,3,7
1541,45,1,0,9
1542,56,1,17,9
1543,18,1,17,9
1544,25,1,11,9
1545,25,1,12,9
1546,25,1,20,9
1547,25,1,4,9
1548,56,1,13,9
1549,35,1,1,9
1550,35,1,6,8
1551,18,1,4,9
1552,25,1,11,9
1553,45,1,20,9
1554,25,2,15,9
1555,35,2,12,9
1556,18,2,0,9
1557,18,1,4,9
1558,18,2,4,9
1559,18,1,6,6
1560,35,1,8,9
1561,25,2,3,9
1562,18,2,4,9
1563,18,1,20,9
1564,1,2,10,8
1565,50,1,1,8
1566,45,1,17,9
1567,35,1,16,9
1568,25,1,12,9
1569,1,2,10,7
1570,56,2,13,9
1571,18,1,17,9
1572,25,1,20,9
1573,25,2,3,9
1574,1,1,0,8
1575,25,1,6,9
1576,50,2,7,8
1577,45,2,9,9
1578,56,1,0,9
1579,18,1,4,9
1580,25,1,0,9
1581,18,2,4,8
1582,18,2,4,9
1583,18,1,0,8
1584,35,1,6,9
1585,25,1,19,9
1586,56,1,20,9
1587,45,1,7,9
1588,25,2,3,9
1589,25,1,11,8
1590,25,1,0,9
1591,35,1,1,9
1592,50,1,7,9
1593,35,1,7,9
1594,25,1,16,9
1595,35,2,20,9
1596,35,1,1,9
1597,18,2,5,7
1598,25,1,12,9
1599,35,1,13,9
1600,25,1,0,9
1601,35,1,7,9
1602,25,1,12,9
1603,25,2,7,9
1604,25,2,0,9
1605,25,1,11,9
1606,18,2,0,9
1607,35,2,3,9
1608,45,1,1,9
1609,25,1,11,9
1610,35,2,9,9
1611,25,1,11,9
1612,25,1,0,9
1613,25,1,17,9
1614,18,1,20,9
1615,35,1,0,9
1616,45,2,7,2
1617,25,1,0,9
1618,25,1,12,9
1619,50,1,0,9
1620,50,1,3,9
1621,25,1,20,8
1622,25,1,4,9
1623,18,1,4,9
1624,50,1,15,9
1625,25,1,0,9
1626,45,1,0,6
1627,18,1,4,9
1628,18,1,17,7
1629,18,1,20,9
1630,18,1,4,9
1631,45,1,17,9
1632,50,2,0,9
1633,25,1,16,9
1634,45,2,7,9
1635,56,2,0,9
1636,25,1,0,9
1637,25,2,19,9
1638,56,1,0,9
1639,18,2,17,9
1640,25,1,17,9
1641,35,1,17,9
1642,25,1,0,9
1643,50,1,13,9
1644,45,1,2,9
1645,18,1,12,9
1646,18,2,9,9
1647,25,1,20,9
1648,18,1,18,9
1649,50,1,14,9
1650,18,1,19,8
1651,25,1,19,9
1652,25,1,12,9
1653,25,1,16,9
1654,18,1,0,9
1655,45,2,0,9
1656,18,1,4,9
1657,25,1,17,9
1658,45,2,0,8
1659,35,2,6,9
1660,18,2,9,9
1661,25,2,2,9
1662,35,1,7,7
1663,25,1,12,8
1664,18,1,4,9
1665,18,2,4,7
1666,45,1,17,9
1667,25,1,14,9
1668,50,1,16,9
1669,35,1,2,7
1670,25,2,17,9
1671,56,2,13,9
1672,35,1,0,9
1673,25,1,17,7
1674,1,1,10,9
1675,35,1,2,8
1676,25,2,6,9
1677,18,1,4,9
1678,18,1,14,9
1679,18,2,17,9
1680,25,1,12,9
1681,25,1,20,9
1682,18,1,4,9
1683,25,1,2,9
1684,25,2,7,9
1685,18,1,3,8
1686,35,1,12,9
1687,35,1,12,7
1688,25,1,3,9
1689,18,2,4,9
1690,35,1,5,9
1691,35,1,16,9
1692,25,2,17,9
1693,35,1,20,9
1694,25,1,12,9
1695,25,1,12,9
1696,25,1,1,9
1697,35,1,7,9
1698,18,2,4,9
1699,35,1,2,9
1700,25,2,19,9
1701,25,1,20,9
1702,25,2,4,9
1703,18,1,10,9
1704,18,1,15,7
1705,25,1,4,9
1706,18,2,4,9
1707,25,1,20,9
1708,50,1,1,9
1709,25,1,0,7
1710,25,1,0,9
1711,18,1,0,9
1712,18,2,4,7
1713,25,1,0,9
1714,25,1,0,9
1715,25,1,17,9
1716,25,1,16,8
1717,25,1,0,9
1718,50,2,6,9
1719,18,1,4,6
1720,18,1,16,9
1721,18,1,4,9
1722,18,1,19,8
1723,35,1,0,9
1724,35,1,17,9
1725,18,1,4,9
1726,18,1,19,8
1727,25,1,2,9
1728,35,1,16,9
1729,18,1,4,8
1730,25,1,7,8
1731,18,2,4,9
1732,18,2,0,9
1733,18,1,4,9
1734,18,1,14,9
1735,45,1,17,9
1736,18,1,20,9
1737,56,1,8,9
1738,35,1,20,9
1739,35,1,16,9
1740,56,1,16,9
1741,56,1,1,9
1742,35,1,7,9
1743,25,1,15,9
1744,35,1,17,8
1745,35,1,12,9
1746,45,1,0,9
1747,25,1,4,9
1748,25,1,0,9
1749,50,1,1,9
1750,25,1,2,9
1751,50,1,5,9
1752,35,1,20,8
1753,25,1,3,9
1754,35,1,6,9
1755,18,1,19,6
1756,18,2,4,9
1757,25,2,1,7
1758,25,1,4,9
1759,25,2,0,9
1760,25,1,16,9
1761,25,2,3,9
1762,35,1,0,9
1763,25,1,14,9
1764,35,1,7,7
1765,18,1,0,9
1766,18,1,4,9
1767,45,2,0,9
1768,25,1,20,9
1769,45,1,16,9
1770,25,1,17,9
1771,35,1,16,9
1772,25,1,17,9
1773,56,1,2,9
1774,18,1,4,9
1775,25,1,17,8
1776,25,1,4,9
1777,25,1,0,9
1778,25,1,20,9
1779,18,1,4,9
1780,18,1,1,9
1781,35,1,1,9
1782,35,2,0,9
1783,45,1,0,9
1784,18,1,4,9
1785,18,1,20,9
1786,18,1,4,9
1787,45,1,1,8
1788,18,1,8,9
1789,45,1,2,9
1790,1,1,10,9
1791,25,1,0,9
1792,18,1,4,9
1793,25,2,2,9
1794,25,1,4,9
1795,25,1,11,9
1796,18,1,17,9
1797,50,1,11,9
1798,35,1,7,9
1799,45,1,11,9
1800,35,1,11,9
1801,18,1,4,9
1802,25,2,6,9
1803,18,1,4,9
1804,25,1,2,9
1805,25,1,7,9
1806,18,1,4,9
1807,18,1,4,9
1808,18,1,17,9
1809,18,2,4,9
1810,25,2,14,9
1811,50,1,13,9
1812,56,1,2,9
1813,25,2,12,9
1814,35,2,6,9
1815,50,1,7,9
1816,1,1,1,9
1817,35,2,9,9
1818,35,1,1,9
1819,1,1,8,8
1820,35,2,12,9
1821,25,1,20,9
1822,25,1,20,9
1823,25,2,0,9
1824,35,2,1,9
1825,18,2,4,9
1826,25,1,7,9
1827,45,1,11,9
1828,25,2,1,9
1829,18,1,4,9
1830,25,1,16,9
1831,18,1,4,9
1832,18,1,4,9
1833,18,2,4,9
1834,18,1,17,9
1835,35,1,5,9
1836,25,1,19,9
1837,25,1,0,9
1838,25,1,2,9
1839,35,1,7,9
1840,18,1,4,9
1841,25,1,12,9
1842,18,1,0,9
1843,18,1,4,9
1844,25,1,12,9
1845,18,2,4,9
1846,25,1,2,9
1847,45,1,12,9
1848,18,1,4,9
1849,35,1,5,6
1850,35,1,7,7
1851,18,1,5,9
1852,25,1,19,9
1853,25,1,12,9
1854,50,1,0,9
1855,25,1,0,9
1856,18,1,4,9
1857,56,1,7,9
1858,1,1,10,8
1859,18,2,4,9
1860,25,2,4,9
1861,56,1,16,9
1862,50,1,16,9
1863,50,1,14,7
1864,18,1,4,9
1865,35,1,7,4
1866,18,2,1,9
1867,25,1,7,9
1868,50,1,7,9
1869,50,1,11,9
1870,45,1,14,9
1871,56,1,13,9
1872,45,2,1,9
1873,50,1,20,6
1874,35,1,7,9
1875,45,1,7,9
1876,35,1,12,9
1877,25,1,12,7
1878,45,2,20,9
1879,1,1,10,9
1880,25,1,4,9
1881,35,1,0,9
1882,35,1,2,9
1883,35,1,16,9
1884,50,2,0,9
1885,45,1,20,9
1886,50,1,17,9
1887,25,1,12,7
1888,56,1,15,9
1889,35,1,12,9
1890,18,1,14,9
1891,50,1,6,9
1892,45,1,1,9
1893,25,1,20,9
1894,35,2,0,9
1895,35,2,7,9
1896,35,1,14,9
1897,56,1,13,9
1898,50,2,2,9
1899,25,1,12,9
1900,45,2,6,9
1901,56,1,12,9
1902,50,1,7,9
1903,25,1,19,9
1904,35,1,0,9
1905,18,1,1,9
1906,35,2,20,9
1907,25,2,5,9
1908,35,1,17,9
1909,56,1,13,9
1910,18,1,4,9
1911,1,1,10,9
1912,18,2,4,9
1913,25,1,4,9
1914,25,1,17,9
1915,35,2,14,9
1916,50,1,13,9
1917,45,1,7,9
1918,18,1,10,9
1919,45,2,6,5
1920,1,1,0,7
1921,35,2,7,9
1922,56,1,12,9
1923,25,2,7,9
1924,35,1,7,8
1925,56,2,6,9
1926,50,1,7,9
1927,1,2,0,9
1928,35,1,7,6
1929,1,1,10,9
1930,1,2,10,9
1931,25,1,15,9
1932,25,1,2,9
1933,25,1,7,8
1934,18,1,19,9
1935,25,1,17,9
1936,1,1,10,8
1937,35,1,0,9
1938,25,1,11,9
1939,25,2,2,9
1940,35,2,2,9
1941,25,1,12,9
1942,35,1,17,9
1943,35,1,5,9
1944,18,1,4,9
1945,18,2,4,9
1946,25,1,20,9
1947,25,1,14,9
1948,25,1,7,9
1949,1,1,10,9
1950,18,1,17,9
1951,25,1,12,9
1952,18,2,4,9
1953,35,1,1,9
1954,25,2,2,8
1955,25,1,16,9
1956,1,1,19,8
1957,35,1,0,8
1958,18,2,4,9
1959,25,2,1,9
1960,50,2,13,9
1961,45,1,7,9
1962,50,2,3,9
1963,18,2,1,9
1964,50,2,9,9
1965,25,2,6,9
1966,56,1,17,9
1967,25,1,20,9
1968,50,1,7,9
1969,25,1,11,9
1970,25,2,3,9
1971,50,1,13,8
1972,25,2,14,9
1973,45,1,17,9
1974,25,1,1,6
1975,35,1,17,9
1976,18,1,4,9
1977,35,1,5,9
1978,56,1,6,9
1979,1,1,10,9
1980,56,1,17,7
1981,35,1,7,9
1982,56,1,1,9
1983,1,1,10,9
1984,25,1,14,9
1985,18,1,10,9
1986,45,1,12,9
1987,50,1,13,8
1988,25,1,17,9
1989,25,2,1,9
1990,50,1,6,9
1991,25,1,7,7
1992,25,1,20,9
1993,18,1,4,9
1994,35,1,17,9
1995,35,1,2,9
1996,25,1,1,9
1997,35,1,0,9
1998,25,1,0,9
1999,50,2,9,9
2000,35,2,3,9
2001,18,1,4,9
2002,50,1,1,9
2003,56,2,13,9
2004,1,1,10,9
2005,45,1,19,9
2006,18,1,4,9
2007,35,1,0,9
2008,50,1,16,9
2009,25,1,3,9
2010,35,2,7,9
2011,18,1,4,9
2012,35,2,3,9
2013,25,1,4,9
2014,45,1,0,9
2015,18,1,4,8
2016,18,1,4,9
2017,56,2,2,9
2018,25,1,17,9
2019,35,1,16,9
2020,50,1,1,9
2021,25,1,7,9
2022,25,1,0,9
2023,25,1,7,9
2024,18,1,4,9
2025,1,1,19,9
2026,56,1,13,9
2027,50,1,16,9
2028,25,2,9,9
2029,45,1,6,9
2030,25,2,12,9
2031,25,1,4,9
2032,35,1,20,9
2033,50,1,14,9
2034,45,2,20,8
2035,45,2,2,9
2036,18,2,0,9
2037,25,2,14,9
2038,56,1,14,5
2039,45,2,1,9
2040,50,1,16,9
2041,25,2,7,7
2042,25,2,20,9
2043,1,1,10,9
2044,25,1,14,9
2045,45,2,0,9
2046,1,2,0,6
2047,35,1,1,9
2048,1,1,10,9
2049,50,1,6,9
2050,50,2,0,6
2051,35,2,3,9
2052,35,1,7,9
2053,1,1,10,6
2054,45,1,11,6
2055,25,1,12,9
2056,50,1,11,9
2057,25,1,4,9
2058,35,1,1,9
2059,56,2,1,9
2060,35,1,0,9
2061,1,1,1,9
2062,56,1,1,6
2063,18,1,4,9
2064,25,1,4,9
2065,35,1,1,9
2066,25,1,6,8
2067,25,2,6,8
2068,50,1,16,9
2069,35,2,12,9
2070,56,1,15,8
2071,35,2,6,9
2072,45,1,7,9
2073,50,2,12,9
2074,18,2,4,9
2075,18,1,4,9
2076,25,2,4,9
2077,18,1,4,9
2078,18,1,0,9
2079,18,1,4,9
2080,1,1,10,9
2081,25,1,11,8
2082,18,1,17,9
2083,1,1,19,9
2084,18,1,4,9
2085,18,1,4,9
2086,18,1,0,9
2087,35,1,14,9
2088,25,1,0,9
2089,50,1,7,9
2090,35,1,17,9
2091,35,1,17,9
2092,35,2,20,9
2093,56,1,1,9
2094,18,1,0,9
2095,35,1,2,9
2096,56,1,13,9
2097,25,2,17,9
2098,18,1,5,9
2099,35,1,20,9
2100,18,2,0,6
2101,25,2,0,9
2102,25,1,16,9
2103,25,1,11,9
2104,35,1,12,9
2105,45,1,15,9
2106,25,1,1,9
2107,18,2,20,9
2108,25,1,1,9
2109,1,1,10,9
2110,25,1,16,9
2111,50,1,11,9
2112,56,1,13,9
2113,45,2,12,9
2114,25,1,6,9
2115,18,1,18,9
2116,35,1,17,7
2117,18,1,4,9
2118,56,1,13,9
2119,25,1,14,9
2120,35,1,4,9
2121,1,1,0,9
2122,56,1,13,9
2123,35,1,12,9
2124,35,2,0,8
2125,25,1,0,9
2126,35,1,3,9
2127,56,1,14,9
2128,18,1,4,9
2129,45,2,1,7
2130,25,1,5,9
2131,45,1,0,9
2132,25,1,0,9
2133,56,1,14,9
2134,1,2,10,9
2135,18,1,10,9
2136,50,1,1,7
2137,35,1,18,9
2138,1,2,10,9
2139,18,2,4,9
2140,50,2,3,9
2141,45,1,14,9
2142,50,2,16,9
2143,45,2,14,9
2144,18,1,4,9
2145,18,1,0,9
2146,18,1,10,9
2147,18,1,2,9
2148,18,2,0,9
2149,18,2,0,9
2150,25,1,0,9
2151,18,2,4,7
2152,56,1,13,9
2153,18,1,4,8
2154,18,1,16,9
2155,25,1,12,9
2156,1,2,10,9
2157,18,1,19,9
2158,18,2,3,9
2159,25,1,12,9
2160,50,2,14,9
2161,18,2,19,8
2162,35,2,2,9
2163,1,2,10,9
2164,18,1,0,9
2165,35,1,0,9
2166,25,1,7,9
2167,1,1,10,9
2168,25,2,6,9
2169,1,1,10,9
2170,1,1,0,9
2171,50,2,16,9
2172,35,1,0,9
2173,18,1,20,9
2174,50,1,13,9
2175,50,1,12,9
2176,25,1,4,9
2177,1,1,19,9
2178,35,2,20,9
2179,45,1,14,9
2180,25,2,0,9
2181,25,1,12,9
2182,25,1,0,9
2183,25,2,4,7
2184,56,2,1,9
2185,18,1,4,9
2186,45,1,17,9
2187,18,1,5,9
2188,45,1,16,9
2189,18,2,19,9
2190,1,1,10,7
2191,25,2,15,9
2192,18,1,4,6
2193,25,2,0,9
2194,1,1,10,9
2195,25,1,17,9
2196,1,1,10,9
2197,25,1,12,9
2198,25,2,1,8
2199,35,2,9,8
2200,1,1,10,9
2201,35,1,1,9
2202,56,1,20,9
2203,1,2,10,9
2204,45,1,12,9
2205,56,1,3,9
2206,25,2,7,9
2207,45,1,7,9
2208,18,1,4,6
2209,25,1,0,9
2210,35,1,7,9
2211,45,1,17,9
2212,45,1,6,9
2213,18,1,4,7
2214,25,2,0,7
2215,25,2,1,9
2216,25,2,0,9
2217,25,2,20,9
2218,1,1,10,9
2219,35,1,17,7
2220,25,1,6,9
2221,50,2,3,8
2222,56,1,17,9
2223,45,2,1,9
2224,25,1,2,9
2225,25,1,12,9
2226,25,1,5,9
2227,25,2,7,9
2228,50,1,14,9
2229,25,1,12,9
2230,45,1,0,7
2231,45,2,1,9
2232,50,1,11,9
2233,25,1,14,9
2234,35,2,3,9
2235,56,1,1,9
2236,1,1,10,9
2237,1,1,10,9
2238,35,2,6,9
2239,25,2,4,9
2240,18,1,10,9
2241,45,1,12,9
2242,45,1,5,9
2243,18,1,4,9
2244,45,1,2,9
2245,1,1,10,9
2246,1,1,10,9
2247,25,1,0,9
2248,45,1,2,9
2249,35,2,12,9
2250,25,1,5,9
2251,18,1,19,9
2252,35,1,14,9
2253,18,2,1,9
2254,50,2,0,9
2255,35,1,5,9
2256,35,2,6,9
2257,45,2,15,9
2258,18,2,4,9
2259,18,2,4,9
2260,56,2,16,9
2261,25,2,20,9
2262,25,1,5,9
2263,45,1,17,9
2264,25,1,6,9
2265,45,2,7,9
2266,56,1,13,9
2267,50,2,2,9
2268,56,2,13,9
2269,35,2,1,9
2270,45,2,0,9
2271,18,1,1,9
2272,50,1,14,9
2273,25,1,0,9
2274,25,1,6,9
2275,18,1,2,8
2276,56,1,7,9
2277,56,1,13,9
2278,45,2,9,7
2279,50,1,17,9
2280,50,1,7,9
2281,56,1,6,9
2282,45,1,11,9
2283,50,1,2,9
2284,35,1,18,9
2285,25,1,20,9
2286,1,2,10,9
2287,35,1,17,7
2288,56,1,0,9
2289,1,1,10,9
2290,50,2,1,7
2291,25,1,0,9
2292,45,1,1,9
2293,50,1,15,6
2294,56,2,3,9
2295,56,1,13,9
2296,45,1,11,9
2297,25,2,6,9
2298,56,1,13,9
2299,35,1,17,9
2300,18,2,10,9
2301,56,1,13,8
2302,25,2,12,9
2303,50,1,12,9
2304,50,1,17,9
2305,45,1,12,9
2306,50,1,20,9
2307,18,2,4,9
2308,25,1,17,9
2309,45,2,16,9
2310,45,2,0,9
2311,45,1,12,9
2312,25,2,4,9
2313,45,1,0,9
2314,50,2,6,9
2315,25,2,1,7
2316,56,1,7,9
2317,35,1,0,9
2318,45,2,9,9
2319,56,1,7,9
2320,35,1,7,9
2321,50,2,1,9
2322,25,1,7,9
2323,56,2,13,9
2324,35,1,3,9
2325,35,1,17,9
2326,18,2,4,7
2327,18,1,4,9
2328,18,1,10,9
2329,56,1,7,9
2330,56,2,15,8
2331,45,1,7,9
2332,56,1,1,9
2333,56,1,14,9
2334,50,1,6,9
2335,56,2,7,9
2336,50,1,17,9
2337,35,1,18,9
2338,35,1,17,8
2339,45,1,17,9
2340,56,2,3,9
2341,35,1,2,9
2342,56,1,1,9
2343,35,1,3,9
2344,45,2,1,8
2345,25,1,12,9
2346,35,1,16,9
2347,1,2,10,9
2348,35,1,1,6
2349,50,1,12,9
2350,25,1,8,9
2351,18,1,4,9
2352,25,2,0,9
2353,50,1,13,9
2354,35,2,9,9
2355,35,1,11,9
2356,45,2,9,9
2357,50,2,16,9
2358,35,2,14,7
2359,56,2,6,8
2360,56,1,13,7
2361,50,1,6,9
2362,56,1,7,9
2363,25,1,14,8
2364,50,1,14,7
2365,56,2,9,8
2366,50,1,7,9
2367,45,2,16,8
2368,25,2,9,9
2369,56,2,13,9
2370,35,1,14,9
2371,50,1,1,9
2372,35,2,7,9
2373,45,2,7,9
2374,45,1,7,7
2375,25,1,14,9
2376,50,2,7,7
2377,25,1,1,9
2378,35,1,0,9
2379,25,1,3,9
2380,18,1,18,9
2381,25,1,4,9
2382,35,2,9,7
2383,50,1,13,9
2384,25,2,14,9
2385,35,1,17,9
2386,45,2,2,9
2387,25,2,0,9
2388,25,1,17,9
2389,56,1,5,8
2390,25,1,16,9
2391,25,2,6,8
2392,50,1,18,9
2393,56,2,3,9
2394,56,1,13,9
2395,35,1,6,9
2396,35,1,7,9
2397,18,2,0,9
2398,35,2,11,9
2399,25,1,0,9
2400,35,1,17,6
2401,25,2,16,9
2402,25,1,4,9
2403,45,1,17,9
2404,18,1,4,9
2405,18,1,7,9
2406,50,1,8,9
2407,56,2,12,9
2408,35,1,16,9
2409,45,2,1,9
2410,35,2,9,9
2411,56,1,7,9
2412,35,2,14,9
2413,56,1,13,9
2414,56,2,7,7
2415,25,1,1,9
2416,25,1,7,9
2417,45,1,7,9
2418,45,1,1,9
2419,1,2,10,9
2420,25,1,0,9
2421,50,1,7,9
2422,35,1,7,9
2423,50,2,9,9
2424,45,2,9,9
2425,25,1,17,9
2426,35,2,14,9
2427,56,1,0,8
2428,25,2,14,9
2429,45,1,17,9
2430,25,1,2,9
2431,25,1,4,9
2432,25,2,4,6
2433,25,1,4,9
2434,25,1,4,9
2435,25,1,4,8
2436,25,1,4,9
2437,25,1,7,9
2438,25,1,4,9
2439,35,1,1,9
2440,45,1,17,9
2441,50,1,17,7
2442,45,2,6,9
2443,35,1,17,9
2444,35,2,0,6
2445,45,2,4,8
2446,25,1,0,9
2447,18,1,7,9
2448,25,1,14,9
2449,35,1,6,9
2450,56,1,13,9
2451,45,1,16,9
2452,45,1,12,9
2453,45,1,7,9
2454,25,1,7,9
2455,18,1,0,9
2456,35,1,7,9
2457,25,1,5,9
2458,25,1,0,9
2459,25,1,7,9
2460,50,1,7,9
2461,50,2,1,9
2462,18,1,4,9
2463,35,1,1,9
2464,25,1,7,9
2465,18,2,4,7
2466,50,1,6,9
2467,25,1,15,9
2468,1,1,10,9
2469,50,1,1,9
2470,25,1,4,9
2471,35,1,18,9
2472,50,1,13,9
2473,25,1,18,9
2474,25,1,12,7
2475,25,1,12,9
2476,25,2,18,9
2477,50,1,12,9
2478,45,1,0,9
2479,50,1,1,9
2480,25,2,1,8
2481,18,2,20,9
2482,35,1,14,9
2483,50,2,3,9
2484,56,1,13,9
2485,45,1,5,9
2486,35,1,14,9
2487,18,1,12,9
2488,45,1,7,9
2489,45,2,2,9
2490,35,2,9,9
2491,25,1,12,6
2492,35,1,7,9
2493,45,2,2,9
2494,45,1,2,9
2495,18,1,4,9
2496,18,2,4,9
2497,50,1,1,9
2498,50,2,14,9
2499,56,1,18,9
2500,50,1,0,9
2501,56,1,1,9
2502,25,1,15,9
2503,56,1,13,9
2504,35,1,17,9
2505,25,1,7,9
2506,25,1,7,9
2507,25,2,14,9
2508,25,1,4,9
2509,35,2,3,8
2510,25,1,5,9
2511,25,1,7,9
2512,25,1,7,9
2513,45,2,14,9
2514,56,1,1,9
2515,56,1,14,9
2516,45,1,12,9
2517,45,2,6,9
2518,35,2,9,9
2519,25,1,7,9
2520,45,2,2,8
2521,56,2,2,9
2522,35,1,17,9
2523,18,1,11,9
2524,25,1,17,9
2525,56,2,9,9
2526,35,2,1,9
2527,56,1,13,9
2528,35,1,15,8
2529,56,1,0,9
2530,35,2,9,9
2531,18,1,0,8
2532,45,2,7,7
2533,56,2,13,9
2534,25,2,3,9
2535,50,2,6,9
2536,56,2,2,9
2537,56,1,13,9
2538,35,1,11,9
2539,56,1,13,9
2540,35,1,7,9
2541,45,2,6,9
2542,35,2,5,9
2543,45,2,13,9
2544,35,2,0,9
2545,45,1,1,9
2546,56,1,13,9
2547,56,2,13,9
2548,35,2,0,9
2549,35,2,6,9
2550,56,1,13,8
2551,50,1,7,9
2552,25,1,12,9
2553,25,2,9,9
2554,25,1,7,9
2555,25,1,1,9
2556,56,1,7,9
2557,25,1,4,9
2558,18,2,19,9
2559,56,1,17,9
2560,18,1,10,9
2561,45,2,6,9
2562,25,1,15,9
2563,18,1,0,9
2564,45,1,13,6
2565,35,2,20,9
2566,35,1,5,9
2567,35,1,17,9
2568,25,1,0,9
2569,25,1,17,9
2570,45,1,0,9
2571,56,2,14,9
2572,35,1,17,9
2573,35,1,14,9
2574,45,1,16,9
2575,50,1,6,9
2576,35,1,7,9
2577,18,1,17,9
2578,25,1,7,9
2579,50,1,7,6
2580,35,1,15,9
2581,45,2,1,9
2582,25,1,11,9
2583,25,2,1,9
2584,35,1,7,9
2585,56,2,1,9
2586,45,1,15,9
2587,25,1,20,9
2588,35,1,7,9
2589,56,2,13,9
2590,25,1,0,9
2591,18,1,4,9
2592,18,1,1,9
2593,50,1,7,9
2594,56,1,16,9
2595,35,1,7,9
2596,18,1,4,9
2597,50,1,7,9
2598,50,2,0,9
2599,25,1,17,9
2600,25,1,12,9
2601,25,1,14,9
2602,35,1,16,6
2603,45,1,12,9
2604,25,1,17,9
2605,25,1,0,9
2606,35,1,7,9
2607,50,1,7,9
2608,56,2,0,9
2609,25,2,1,9
2610,50,2,12,9
2611,45,1,7,9
2612,25,1,3,9
2613,45,2,3,9
2614,35,1,1,9
2615,25,1,7,9
2616,25,1,7,9
2617,35,1,7,9
2618,45,2,15,9
2619,18,2,4,9
2620,35,1,12,9
2621,18,1,4,9
2622,18,1,0,9
2623,35,2,6,9
2624,56,1,1,9
2625,35,2,0,9
2626,35,1,7,9
2627,56,1,1,9
2628,25,1,1,9
2629,25,2,2,9
2630,25,1,11,9
2631,18,2,5,9
2632,50,2,1,9
2633,56,1,0,9
2634,35,2,9,9
2635,56,1,1,9
2636,35,1,0,8
2637,18,1,12,9
2638,35,2,20,9
2639,25,1,14,9
2640,25,2,6,7
2641,35,1,12,7
2642,25,1,6,9
2643,25,1,0,9
2644,45,1,17,9
2645,18,1,15,7
2646,25,1,7,9
2647,45,1,17,9
2648,35,2,11,9
2649,25,1,17,9
2650,25,1,16,9
2651,45,1,7,9
2652,56,1,14,9
2653,35,1,20,9
2654,25,1,7,9
2655,35,2,9,9
2656,35,1,7,9
2657,56,1,13,9
2658,1,2,10,9
2659,25,1,7,9
2660,35,1,14,9
2661,56,1,17,8
2662,56,1,13,9
2663,25,1,17,9
2664,25,2,4,9
2665,35,1,7,9
2666,35,1,11,9
2667,45,1,16,9
2668,35,2,6,9
2669,25,2,4,9
2670,45,1,0,9
2671,35,1,6,9
2672,35,2,12,9
2673,35,1,7,9
2674,35,1,7,9
2675,25,1,4,9
2676,35,1,18,8
2677,56,1,20,9
2678,35,2,7,6
2679,25,1,6,9
2680,18,2,4,9
2681,25,1,12,9
2682,25,2,4,9
2683,18,1,4,9
2684,35,1,7,9
2685,18,2,0,9
2686,45,1,7,9
2687,25,1,0,9
2688,1,1,10,8
2689,25,1,17,9
2690,25,1,12,9
2691,25,1,7,8
2692,18,1,4,9
2693,18,2,4,9
2694,56,1,13,9
2695,18,1,4,9
2696,35,1,11,9
2697,25,1,7,9
2698,50,2,17,8
2699,25,2,2,9
2700,56,2,13,9
2701,25,1,7,9
2702,45,1,1,9
2703,45,1,6,9
2704,35,1,11,9
2705,56,1,13,9
2706,25,1,1,9
2707,25,2,1,7
2708,56,1,13,7
2709,25,1,7,9
2710,25,2,0,9
2711,35,1,17,6
2712,25,2,4,9
2713,18,2,19,9
2714,25,1,7,7
2715,18,1,4,6
2716,50,2,4,9
2717,50,2,4,6
2718,25,1,4,6
2719,25,2,4,9
2720,25,1,12,9
2721,35,1,0,9
2722,45,1,14,9
2723,35,1,7,9
2724,25,2,9,9
2725,45,2,2,9
2726,35,1,7,9
2727,45,1,11,9
2728,25,1,11,9
2729,35,1,12,9
2730,50,1,7,8
2731,35,1,11,9
2732,35,1,7,9
2733,45,1,17,9
2734,45,1,17,9
2735,18,2,4,9
2736,25,1,7,9
2737,45,1,12,9
2738,25,1,3,9
2739,50,2,2,9
2740,35,2,7,9
2741,45,1,17,9
2742,25,1,14,9
2743,25,1,17,9
2744,25,1,14,9
2745,18,1,17,8
2746,35,2,1,9
2747,50,1,14,9
2748,18,2,4,9
2749,25,1,4,9
2750,25,1,12,9
2751,25,2,15,9
2752,25,2,16,9
2753,25,1,15,9
2754,50,2,20,9
2755,50,1,12,9
2756,35,1,7,9
2757,18,1,4,9
2758,25,1,2,9
2759,56,1,8,8
2760,25,1,7,9
2761,56,1,0,9
2762,35,1,6,9
2763,50,1,16,9
2764,18,2,4,6
2765,25,1,7,9
2766,50,1,7,9
2767,45,1,7,9
2768,25,1,0,9
2769,25,1,17,9
2770,25,1,7,9
2771,35,1,1,9
2772,18,1,1,9
2773,35,1,17,9
2774,35,1,2,9
2775,25,1,1,9
2776,18,2,4,9
2777,25,1,14,9
2778,18,1,4,9
2779,56,1,13,9
2780,35,1,7,9
2781,25,1,17,9
2782,35,1,4,9
2783,18,2,4,9
2784,45,1,17,9
2785,50,1,20,9
2786,56,1,13,9
2787,25,1,4,9
2788,25,1,4,9
2789,56,1,1,9
2790,18,1,4,9
2791,25,1,20,9
2792,56,1,7,9
2793,18,1,4,9
2794,35,1,7,9
2795,25,1,2,9
2796,50,1,13,9
2797,25,1,14,9
2798,25,2,7,9
2799,35,1,20,9
2800,18,1,0,9
2801,18,2,4,9
2802,25,2,3,9
2803,35,1,20,9
2804,25,1,7,9
2805,35,2,0,9
2806,56,1,19,9
2807,1,1,10,9
2808,35,2,11,9
2809,56,1,16,9
2810,25,1,7,9
2811,1,2,10,9
2812,25,1,19,9
2813,25,1,17,9
2814,25,1,20,9
2815,35,1,7,9
2816,35,1,17,7
2817,25,1,7,6
2818,35,1,12,9
2819,25,1,12,9
2820,45,1,14,7
2821,35,2,0,9
2822,18,1,20,9
2823,50,1,7,9
2824,25,1,4,9
2825,18,1,4,9
2826,25,2,20,9
2827,35,1,12,9
2828,25,1,17,9
2829,18,1,4,9
2830,45,1,20,7
2831,35,1,7,9
2832,25,1,0,9
2833,25,1,17,9
2834,25,1,15,9
2835,35,1,1,6
2836,35,1,20,6
2837,25,1,12,7
2838,18,1,0,9
2839,18,1,1,9
2840,25,1,17,9
2841,25,1,0,9
2842,50,1,12,9
2843,35,1,17,9
2844,25,2,4,9
2845,25,1,20,9
2846,25,1,4,8
2847,18,2,4,9
2848,18,1,4,9
2849,25,1,0,9
2850,45,1,11,9
2851,18,1,20,9
2852,25,2,7,9
2853,25,1,12,9
2854,1,1,1,9
2855,18,2,4,9
2856,25,1,4,9
2857,35,1,11,9
2858,25,1,0,9
2859,1,2,10,9
2860,18,1,1,9
2861,35,1,17,9
2862,25,1,15,9
2863,45,1,7,9
2864,25,2,2,9
2865,35,2,3,8
2866,25,2,6,9
2867,25,1,7,9
2868,45,1,17,7
2869,35,1,12,9
2870,50,1,17,9
2871,50,1,18,9
2872,25,2,14,7
2873,25,1,20,9
2874,18,2,4,9
2875,35,2,20,9
2876,25,1,2,9
2877,25,1,17,9
2878,35,1,1,9
2879,50,2,20,9
2880,18,1,4,8
2881,18,1,12,9
2882,25,2,12,9
2883,18,1,20,9
2884,18,1,20,9
2885,50,2,3,7
2886,18,2,1,9
2887,18,1,4,9
2888,25,1,3,9
2889,25,1,14,9
2890,35,1,3,9
2891,35,1,7,9
2892,18,2,4,9
2893,25,1,4,9
2894,25,1,1,9
2895,18,1,4,9
2896,25,1,11,9
2897,18,1,14,9
2898,25,1,5,9
2899,18,1,4,9
2900,35,1,14,9
2901,18,1,12,9
2902,25,1,17,9
2903,25,1,12,6
2904,25,1,16,9
2905,25,1,4,9
2906,35,1,17,9
2907,35,1,19,9
2908,35,2,5,9
2909,18,1,2,6
2910,25,1,7,9
2911,1,1,19,9
2912,25,2,4,9
2913,18,2,4,8
2914,35,2,20,9
2915,25,1,4,9
2916,25,1,7,9
2917,45,1,2,9
2918,25,1,0,9
2919,25,1,12,9
2920,18,1,17,9
2921,25,1,2,7
2922,50,1,1,9
2923,25,1,17,9
2924,35,1,12,9
2925,18,2,4,7
2926,25,2,4,9
2927,18,2,2,9
2928,25,1,12,9
2929,25,1,2,9
2930,18,1,2,9
2931,50,1,17,6
2932,18,1,4,9
2933,25,1,12,9
2934,35,1,11,9
2935,35,2,20,9
2936,25,1,0,9
2937,18,2,4,6
2938,18,2,4,9
2939,25,2,0,9
2940,25,2,15,9
2941,25,1,0,9
2942,35,1,12,9
2943,50,2,1,9
2944,35,1,12,9
2945,18,2,4,9
2946,35,2,17,9
2947,35,1,16,9
2948,25,2,0,9
2949,18,1,14,9
2950,25,1,17,9
2951,18,1,0,9
2952,35,2,14,9
2953,25,1,4,9
2954,25,1,20,9
2955,18,1,2,7
2956,35,1,14,9
2957,25,1,12,6
2958,18,1,4,9
2959,25,1,7,9
2960,35,1,17,9
2961,18,1,4,9
2962,50,1,17,9
2963,35,1,3,9
2964,18,2,4,9
2965,25,1,17,9
2966,35,2,4,9
2967,25,2,4,9
2968,25,1,0,9
2969,18,2,0,9
2970,25,1,7,9
2971,18,1,4,9
2972,25,1,4,9
2973,25,1,4,9
2974,18,2,4,9
2975,18,1,4,9
2976,35,1,11,9
2977,18,1,20,9
2978,18,2,4,8
2979,35,1,20,9
2980,35,1,2,8
2981,45,1,7,9
2982,45,1,6,9
2983,25,1,4,9
2984,18,1,4,9
2985,25,1,4,7
2986,18,1,4,9
2987,25,1,4,9
2988,18,1,4,9
2989,18,2,6,7
2990,35,1,12,9
2991,35,1,12,9
2992,50,1,1,9
2993,18,1,4,9
2994,18,1,19,9
2995,35,1,5,9
2996,25,1,15,9
2997,18,1,0,9
2998,35,2,16,9
2999,25,2,1,9
3000,25,1,7,9
3001,25,1,4,9
3002,18,1,4,9
3003,45,1,11,9
3004,18,1,15,9
3005,18,2,4,9
3006,25,1,17,9
3007,18,1,4,7
3008,35,1,0,9
3009,18,1,4,7
3010,35,2,3,9
3011,25,1,12,9
3012,25,1,1,9
3013,25,1,12,9
3014,45,1,17,9
3015,35,1,7,9
3016,56,1,6,9
3017,18,1,12,9
3018,35,2,9,9
3019,35,1,0,9
3020,50,1,12,7
3021,35,2,7,9
3022,45,2,15,9
3023,25,1,17,9
3024,25,2,7,9
3025,35,1,17,9
3026,35,2,0,9
3027,18,2,4,9
3028,18,1,4,7
3029,1,1,10,9
3030,18,1,4,9
3031,35,1,1,9
3032,18,1,4,9
3033,25,1,0,9
3034,18,1,4,9
3035,18,2,1,7
3036,25,2,7,9
3037,56,1,13,9
3038,25,2,2,9
3039,35,2,2,9
3040,50,2,3,9
3041,25,1,8,6
3042,25,1,4,9
3043,56,1,1,9
3044,18,1,2,9
3045,35,1,16,9
3046,45,1,1,9
3047,1,1,4,8
3048,25,2,4,9
3049,18,1,2,9
3050,50,2,0,9
3051,35,1,12,9
3052,18,1,17,9
3053,35,1,12,9
3054,25,2,3,9
3055,18,1,4,9
3056,25,2,3,9
3057,25,1,18,9
3058,25,2,12,9
3059,18,1,12,9
3060,35,1,0,9
3061,35,2,1,9
3062,45,1,2,9
3063,18,1,4,9
3064,18,1,4,9
3065,35,1,17,9
3066,18,2,4,9
3067,18,1,4,9
3068,25,2,0,9
3069,35,2,9,6
3070,18,1,4,9
3071,18,2,4,9
3072,25,1,1,9
3073,50,1,1,9
3074,25,1,0,9
3075,25,1,0,9
3076,25,2,11,9
3077,35,1,17,7
3078,18,1,4,9
3079,35,2,1,9
3080,25,2,1,9
3081,25,1,20,9
3082,25,1,7,9
3083,35,2,6,9
3084,50,2,0,9
3085,25,1,16,9
3086,25,1,4,9
3087,18,1,12,9
3088,1,2,1,9
3089,25,2,4,9
3090,45,1,16,9
3091,25,1,2,9
3092,25,2,0,7
3093,35,1,15,9
3094,45,2,20,9
3095,35,1,0,9
3096,25,2,3,9
3097,45,2,3,9
3098,25,2,5,9
3099,25,1,4,9
3100,25,1,17,9
3101,25,2,6,9
3102,18,1,15,9
3103,25,1,12,8
3104,25,1,20,9
3105,18,1,17,9
3106,35,1,12,9
3107,25,1,0,9
3108,25,1,17,9
3109,50,1,6,9
3110,25,2,11,9
3111,25,1,0,9
3112,18,1,4,9
3113,18,1,12,9
3114,25,1,10,8
3115,18,1,5,9
3116,35,1,17,7
3117,25,1,12,9
3118,35,1,0,9
3119,25,1,0,9
3120,45,1,1,9
3121,18,1,4,9
3122,25,1,2,9
3123,25,2,7,9
3124,25,1,2,9
3125,25,1,12,9
3126,25,1,7,9
3127,25,1,2,9
3128,25,2,0,9
3129,18,1,2,9
3130,25,1,7,9
3131,25,1,7,9
3132,25,2,2,9
3133,35,1,7,9
3134,18,1,4,7
3135,18,1,4,9
3136,25,1,15,9
3137,25,2,4,9
3138,25,1,11,9
3139,35,1,17,9
3140,56,1,13,9
3141,25,2,4,9
3142,25,1,14,9
3143,25,1,20,9
3144,50,2,16,9
3145,25,2,7,9
3146,18,1,4,9
3147,25,1,0,9
3148,25,1,14,9
3149,18,1,20,9
3150,18,1,4,7
3151,25,2,3,9
3152,25,2,0,9
3153,18,1,4,8
3154,25,2,4,7
3155,25,2,4,9
3156,25,1,7,9
3157,35,1,7,9
3158,25,1,12,9
3159,25,1,15,9
3160,25,2,15,9
3161,25,1,17,9
3162,25,1,7,9
3163,25,1,1,9
3164,18,1,15,9
3165,18,1,12,9
3166,35,1,7,9
3167,18,1,4,8
3168,25,1,2,9
3169,35,2,5,9
3170,50,1,0,9
3171,25,1,0,9
3172,50,2,3,9
3173,18,1,12,9
3174,25,1,12,9
3175,18,2,14,9
3176,35,1,16,9
3177,25,1,17,9
3178,25,2,6,9
3179,35,2,5,9
3180,18,2,20,9
3181,25,1,14,9
3182,25,1,12,6
3183,25,1,12,9
3184,50,1,7,8
3185,25,2,18,9
3186,18,1,7,9
3187,50,1,1,9
3188,35,1,12,9
3189,56,1,13,7
3190,25,1,16,9
3191,1,1,17,9
3192,25,1,12,9
3193,18,1,4,9
3194,25,1,0,9
3195,25,1,15,9
3196,18,1,4,9
3197,18,2,4,9
3198,18,2,14,9
3199,25,1,12,9
3200,18,1,0,9
3201,25,2,1,9
3202,45,1,7,9
3203,18,2,4,9
3204,35,1,0,9
3205,45,1,16,9
3206,35,2,16,9
3207,18,1,20,9
3208,35,1,7,9
3209,25,1,14,9
3210,25,1,0,9
3211,45,2,0,9
3212,50,1,16,9
3213,25,2,17,7
3214,25,2,1,9
3215,56,2,7,9
3216,50,2,13,9
3217,35,1,1,9
3218,35,2,0,9
3219,56,1,6,9
3220,18,2,4,9
3221,35,1,7,9
3222,25,1,0,9
3223,35,1,7,9
3224,25,1,20,9
3225,25,2,14,9
3226,18,1,0,9
3227,35,1,4,9
3228,25,2,14,9
3229,25,1,14,9
3230,56,2,1,9
3231,35,1,16,9
3232,25,1,7,9
3233,35,1,12,9
3234,50,1,2,9
3235,1,2,0,9
3236,18,1,4,9
3237,18,1,15,9
3238,35,1,7,9
3239,35,1,7,9
3240,25,2,12,6
3241,18,1,4,9
3242,50,2,0,9
3243,50,1,13,9
3244,25,1,12,9
3245,18,2,4,9
3246,18,1,2,9
3247,35,2,1,9
3248,35,1,15,9
3249,25,2,7,9
3250,25,2,4,9
3251,25,1,4,9
3252,35,1,17,9
3253,50,1,0,8
3254,35,2,4,9
3255,35,2,6,9
3256,25,2,15,8
3257,25,1,15,9
3258,25,1,14,9
3259,45,1,6,9
3260,18,2,4,9
3261,25,1,4,9
3262,45,1,20,9
3263,25,1,14,9
3264,50,1,11,9
3265,25,2,1,9
3266,25,1,15,9
3267,25,2,4,9
3268,25,1,4,9
3269,25,1,12,9
3270,18,2,20,9
3271,18,1,11,9
3272,35,2,0,9
3273,35,1,0,9
3274,35,1,7,6
3275,25,1,20,9
3276,35,1,7,6
3277,25,1,20,9
3278,25,1,17,9
3279,35,1,7,9
3280,45,1,15,9
3281,25,1,7,9
3282,25,1,17,9
3283,45,1,3,9
3284,35,1,16,9
3285,25,1,6,9
3286,25,1,4,9
3287,35,2,7,9
3288,56,1,13,9
3289,25,1,14,8
3290,45,1,6,9
3291,25,1,14,9
3292,25,2,7,6
3293,50,2,6,9
3294,45,1,14,9
3295,18,1,4,9
3296,18,1,18,7
3297,18,1,14,9
3298,18,1,4,9
3299,1,1,10,5
3300,25,2,4,9
3301,35,1,5,9
3302,25,2,2,9
3303,25,1,17,9
3304,56,1,17,9
3305,45,2,5,9
3306,56,1,20,9
3307,45,1,14,9
3308,50,1,6,9
3309,18,2,20,9
3310,25,1,17,9
3311,45,1,14,9
3312,25,1,4,9
3313,18,2,4,9
3314,35,1,20,9
3315,25,1,7,9
3316,25,1,12,9
3317,1,1,19,8
3318,25,1,4,9
3319,56,1,13,9
3320,56,2,13,9
3321,25,1,1,9
3322,35,1,1,9
3323,18,2,4,9
3324,35,1,14,9
3325,35,1,17,7
3326,35,2,14,7
3327,45,1,7,9
3328,18,1,12,9
3329,56,1,19,9
3330,50,1,18,9
3331,35,2,1,9
3332,25,2,7,9
3333,25,1,7,9
3334,18,1,16,9
3335,35,1,0,9
3336,25,1,0,8
3337,35,1,17,9
3338,25,1,4,7
3339,45,1,16,9
3340,25,1,17,9
3341,45,1,16,9
3342,25,1,20,9
3343,25,2,5,9
3344,18,2,4,9
3345,35,1,0,9
3346,25,1,7,9
3347,35,1,7,9
3348,35,2,7,9
3349,45,1,16,9
3350,18,2,4,9
3351,18,2,0,9
3352,18,2,5,9
3353,35,1,0,9
3354,35,1,17,9
3355,25,1,7,9
3356,25,1,1,9
3357,35,1,7,9
3358,25,1,18,9
3359,25,2,1,9
3360,25,1,20,9
3361,25,2,0,9
3362,25,1,4,9
3363,25,2,0,7
3364,35,2,9,9
3365,56,1,13,9
3366,50,1,17,9
3367,35,1,14,9
3368,50,1,16,9
3369,25,1,14,9
3370,45,1,18,9
3371,18,1,4,9
3372,25,1,2,9
3373,56,1,13,9
3374,18,1,16,9
3375,35,1,5,9
3376,25,1,4,9
3377,35,1,16,9
3378,25,1,17,9
3379,18,1,4,9
3380,35,1,1,7
3381,50,1,0,9
3382,25,1,0,7
3383,1,2,10,7
3384,56,1,16,9
3385,35,1,7,9
3386,25,2,9,6
3387,18,1,4,9
3388,18,1,1,9
3389,25,2,1,8
3390,18,1,0,9
3391,45,2,20,9
3392,18,1,4,9
3393,50,1,6,9
3394,35,1,12,9
3395,35,1,7,9
3396,25,1,7,9
3397,25,1,12,8
3398,25,1,5,8
3399,18,1,20,9
3400,25,1,4,9
3401,25,1,14,9
3402,35,1,7,9
3403,35,1,20,9
3404,35,1,5,9
3405,25,1,8,9
3406,35,1,14,9
3407,25,2,7,9
3408,45,2,5,7
3409,25,1,17,9
3410,25,1,4,9
3411,35,1,1,9
3412,18,1,4,9
3413,25,1,18,9
3414,25,2,17,9
3415,25,1,17,9
3416,35,1,7,9
3417,25,1,12,9
3418,18,2,2,9
3419,18,2,3,9
3420,45,1,1,9
3421,25,2,7,9
3422,45,1,7,9
3423,25,1,5,9
3424,25,1,7,9
3425,25,1,6,9
3426,18,1,20,9
3427,25,1,20,9
3428,25,1,14,9
3429,45,1,1,9
3430,25,2,7,9
3431,45,2,1,9
3432,45,2,6,9
3433,25,1,12,9
3434,18,1,12,9
3435,18,1,4,9
3436,45,1,1,9
3437,35,1,0,9
3438,25,2,0,9
3439,25,2,0,9
3440,18,1,17,9
3441,56,1,17,7
3442,25,2,14,9
3443,18,1,12,9
3444,35,2,17,9
3445,50,1,14,9
3446,35,2,20,9
3447,25,1,7,7
3448,25,1,12,9
3449,18,2,3,6
3450,25,1,14,9
3451,25,1,5,9
3452,25,2,11,8
3453,25,1,14,9
3454,35,1,7,9
3455,18,1,0,9
3456,25,2,0,9
3457,25,1,17,9
3458,25,1,20,9
3459,45,1,0,9
3460,18,1,4,6
3461,1,1,4,9
3462,35,1,0,9
3463,25,2,4,9
3464,25,1,15,9
3465,25,2,14,9
3466,25,1,14,9
3467,25,1,14,9
3468,25,1,14,9
3469,25,1,20,9
3470,45,1,17,9
3471,35,1,17,9
3472,18,1,4,9
3473,25,1,6,9
3474,35,2,16,9
3475,35,1,11,9
3476,25,1,14,9
3477,50,1,0,9
3478,50,2,1,9
3479,25,1,7,9
3480,18,1,4,9
3481,25,1,0,9
3482,18,1,4,9
3483,50,1,17,9
3484,45,2,7,9
3485,18,1,4,9
3486,25,1,0,9
3487,18,2,0,8
3488,18,1,4,9
3489,45,1,17,9
3490,18,1,4,9
3491,25,1,0,9
3492,25,1,16,9
3493,35,1,7,9
3494,25,1,17,9
3495,25,1,1,7
3496,18,1,4,9
3497,35,1,5,9
3498,35,2,2,9
3499,25,1,17,9
3500,25,1,3,9
3501,35,1,7,9
3502,35,2,7,9
3503,18,2,7,9
3504,18,1,4,9
3505,18,1,7,9
3506,25,2,15,9
3507,18,1,12,9
3508,25,1,0,9
3509,18,1,4,9
3510,18,1,4,9
3511,18,2,4,8
3512,50,1,0,9
3513,18,1,17,9
3514,25,1,16,9
3515,18,1,12,9
3516,35,1,3,9
3517,18,1,4,9
3518,18,1,12,9
3519,18,2,7,9
3520,25,2,14,9
3521,25,1,0,9
3522,25,1,0,9
3523,18,1,0,9
3524,35,1,7,9
3525,25,2,0,9
3526,18,2,4,9
3527,35,1,2,9
3528,25,1,0,9
3529,35,1,5,9
3530,45,2,1,9
3531,25,1,0,5
3532,25,2,11,9
3533,35,2,14,9
3534,25,1,2,9
3535,35,1,17,9
3536,45,1,18,8
3537,18,1,4,9
3538,1,1,10,9
3539,35,1,0,9
3540,25,2,4,9
3541,18,1,17,9
3542,25,1,3,9
3543,25,1,15,9
3544,25,1,17,9
3545,25,2,4,9
3546,35,1,12,9
3547,25,1,20,9
3548,35,1,16,9
3549,45,1,7,7
3550,35,2,7,9
3551,25,1,5,9
3552,56,2,0,9
3553,35,2,2,9
3554,35,1,16,8
3555,25,1,15,9
3556,56,1,7,9
3557,25,1,17,9
3558,18,1,5,9
3559,18,1,17,9
3560,18,1,4,8
3561,25,2,6,9
3562,35,1,14,9
3563,25,2,6,9
3564,25,1,2,9
3565,25,1,11,9
3566,25,1,18,9
3567,45,1,0,9
3568,25,1,14,9
3569,25,1,0,9
3570,18,2,2,9
3571,35,1,12,9
3572,18,1,4,9
3573,35,1,11,9
3574,1,1,10,9
3575,35,2,6,9
3576,25,1,18,9
3577,50,1,7,9
3578,56,2,0,9
3579,50,1,3,9
3580,18,1,0,9
3581,18,2,3,9
3582,18,1,1,9
3583,35,2,0,9
3584,25,2,9,9
3585,18,1,0,8
3586,35,1,20,9
3587,35,1,20,9
3588,35,1,3,9
3589,25,1,2,9
3590,45,2,0,9
3591,18,2,15,9
3592,35,1,6,9
3593,56,2,2,9
3594,25,2,9,9
3595,1,1,0,9
3596,25,1,0,9
3597,35,2,4,9
3598,25,1,17,9
3599,56,1,1,8
3600,25,1,16,9
3601,35,1,20,9
3602,35,2,3,9
3603,25,1,12,9
3604,35,2,7,9
3605,1,2,10,9
3606,18,1,12,9
3607,25,2,15,8
3608,35,1,17,9
3609,35,2,9,9
3610,25,2,17,9
3611,18,1,6,9
3612,25,1,2,9
3613,25,1,14,9
3614,25,1,0,9
3615,25,1,0,9
3616,25,1,17,9
3617,45,1,0,9
3618,35,1,7,9
3619,56,1,17,9
3620,50,1,16,9
3621,25,1,7,9
3622,18,1,4,9
3623,18,1,1,9
3624,35,1,11,9
3625,25,1,12,9
3626,18,1,10,9
3627,25,1,17,9
3628,35,2,1,9
3629,25,1,7,9
3630,50,2,7,9
3631,18,1,4,9
3632,18,1,4,9
3633,50,1,11,9
3634,35,1,18,6
3635,50,1,1,9
3636,50,1,1,9
3637,25,1,0,7
3638,25,1,6,9
3639,25,1,2,9
3640,18,1,4,9
3641,35,1,7,9
3642,25,1,0,9
3643,25,2,7,9
3644,25,1,17,9
3645,25,2,11,9
3646,35,1,17,9
3647,35,1,20,9
3648,25,1,7,9
3649,18,1,4,9
3650,25,2,0,9
3651,25,1,0,9
3652,25,1,14,9
3653,25,1,12,9
3654,18,1,15,9
3655,25,1,17,9
3656,25,2,7,8
3657,45,2,5,9
3658,18,1,17,9
3659,25,2,7,9
3660,18,1,4,9
3661,35,1,7,9
3662,35,1,12,9
3663,35,1,16,9
3664,35,2,9,9
3665,35,2,1,9
3666,25,1,0,9
3667,45,1,0,9
3668,1,2,10,8
3669,45,2,7,9
3670,25,1,14,9
3671,45,1,14,9
3672,25,1,4,9
3673,35,1,5,9
3674,25,1,2,9
3675,25,1,20,9
3676,35,1,7,9
3677,35,2,12,9
3678,25,2,12,9
3679,25,1,0,9
3680,25,1,4,9
3681,25,2,1,9
3682,25,1,7,9
3683,50,2,1,9
3684,25,1,2,9
3685,25,1,17,9
3686,25,1,5,9
3687,25,1,7,9
3688,50,2,1,9
3689,18,1,6,9
3690,25,1,0,9
3691,18,1,0,9
3692,25,1,7,9
3693,35,1,17,9
3694,25,1,15,9
3695,25,1,12,9
3696,25,1,2,9
3697,35,1,7,9
3698,25,1,15,9
3699,25,1,7,9
3700,56,2,3,9
3701,25,1,14,9
3702,35,1,1,9
3703,35,1,15,9
3704,18,1,12,9
3705,35,2,0,9
3706,45,1,7,9
3707,25,1,12,9
3708,18,2,0,8
3709,56,1,7,9
3710,25,1,12,9
3711,1,1,10,9
3712,35,1,0,9
3713,25,1,17,9
3714,25,2,7,9
3715,25,1,17,9
3716,18,1,5,9
3717,18,1,12,9
3718,35,1,17,9
3719,50,1,17,9
3720,25,1,1,7
3721,45,1,7,9
3722,25,1,15,9
3723,25,1,18,9
3724,25,1,14,9
3725,35,1,6,9
3726,18,1,4,9
3727,25,1,17,9
3728,35,1,7,9
3729,18,1,4,8
3730,18,1,4,9
3731,25,1,1,9
3732,25,1,17,9
3733,25,1,17,9
3734,18,1,4,9
3735,18,1,4,9
3736,25,1,0,9
3737,35,1,1,9
3738,25,1,14,9
3739,45,1,7,9
3740,56,1,11,7
3741,18,1,5,9
3742,25,1,0,9
3743,25,1,0,9
3744,35,2,7,7
3745,25,1,0,9
3746,25,2,9,9
3747,25,1,5,9
3748,45,1,13,9
3749,18,1,4,9
3750,25,2,0,9
3751,18,2,4,9
3752,35,2,12,9
3753,18,2,1,9
3754,25,1,7,9
3755,56,1,7,9
3756,50,2,14,9
3757,18,1,12,9
3758,25,1,7,9
3759,35,2,5,9
3760,35,1,6,9
3761,50,1,0,9
3762,25,1,17,9
3763,50,1,6,9
3764,25,1,2,9
3765,25,1,1,9
3766,50,2,3,8
3767,18,2,1,9
3768,25,1,0,9
3769,25,1,4,9
3770,25,1,15,9
3771,35,2,3,9
3772,25,1,1,9
3773,35,1,17,9
3774,35,1,6,9
3775,25,1,0,9
3776,35,1,12,9
3777,25,2,4,9
3778,18,1,4,9
3779,25,1,0,9
3780,45,2,2,9
3781,1,1,0,9
3782,56,2,11,9
3783,25,2,0,9
3784,25,1,7,9
3785,25,2,1,9
3786,25,2,20,9
3787,25,2,0,9
3788,25,2,0,6
3789,18,2,0,9
3790,25,2,0,9
3791,25,2,17,9
3792,50,1,18,9
3793,25,1,6,9
3794,18,1,4,9
3795,18,2,4,9
3796,18,2,4,9
3797,45,1,14,9
3798,25,1,7,9
3799,25,1,7,7
3800,18,1,0,9
3801,18,1,1,9
3802,18,1,12,9
3803,18,1,0,8
3804,35,2,9,6
3805,25,1,6,9
3806,35,2,1,9
3807,18,1,4,9
3808,35,2,19,9
3809,25,1,7,9
3810,35,1,6,9
3811,50,1,7,8
3812,25,1,15,9
3813,35,1,17,9
3814,35,1,7,9
3815,25,1,15,9
3816,25,1,17,9
3817,25,2,3,9
3818,35,1,3,9
3819,45,1,17,9
3820,25,1,12,9
3821,25,1,17,9
3822,25,1,20,9
3823,45,1,20,9
3824,56,1,7,9
3825,25,1,17,9
3826,18,1,1,9
3827,25,1,1,9
3828,50,1,2,9
3829,25,1,20,9
3830,25,2,1,9
3831,18,1,4,9
3832,18,2,6,9
3833,25,2,7,9
3834,25,1,1,9
3835,18,1,2,9
3836,25,1,7,9
3837,50,2,8,9
3838,25,1,17,9
3839,25,2,14,9
3840,50,1,14,9
3841,25,2,0,9
3842,45,1,18,9
3843,35,2,16,9
3844,1,2,10,7
3845,18,1,4,9
3846,25,1,12,9
3847,35,1,0,9
3848,25,1,7,9
3849,25,1,15,9
3850,35,1,0,9
3851,18,1,3,9
3852,25,1,12,9
3853,50,1,16,9
3854,25,1,14,9
3855,25,1,14,9
3856,25,1,17,9
3857,35,2,20,9
3858,18,1,14,9
3859,45,2,9,9
3860,25,1,0,9
3861,45,1,17,9
3862,18,1,4,7
3863,25,1,17,7
3864,25,1,0,6
3865,50,1,20,9
3866,1,2,10,9
3867,45,1,14,9
3868,35,1,3,9
3869,18,1,12,9
3870,18,1,17,9
3871,25,1,17,7
3872,18,1,4,9
3873,25,1,1,9
3874,45,2,2,9
3875,25,1,7,9
3876,25,1,0,9
3877,25,1,0,6
3878,45,1,1,9
3879,35,1,16,9
3880,25,1,3,9
3881,25,1,7,9
3882,18,1,2,9
3883,56,1,14,9
3884,50,1,16,7
3885,18,1,4,9
3886,25,1,12,9
3887,35,1,7,9
3888,18,1,4,9
3889,45,1,17,9
3890,45,1,6,9
3891,18,1,4,9
3892,56,2,16,9
3893,25,1,20,9
3894,25,1,6,9
3895,35,1,16,9
3896,35,2,0,9
3897,35,1,0,9
3898,56,1,17,9
3899,45,1,11,9
3900,25,1,17,9
3901,25,2,14,9
3902,18,1,14,9
3903,25,1,5,9
3904,25,1,0,9
3905,1,1,10,9
3906,25,1,17,9
3907,50,1,17,9
3908,18,2,14,8
3909,25,1,0,9
3910,18,1,17,9
3911,25,1,20,9
3912,18,1,0,9
3913,25,1,4,9
3914,18,1,17,9
3915,35,1,4,9
3916,35,2,3,6
3917,25,1,4,9
3918,35,2,9,9
3919,25,1,18,9
3920,45,1,0,7
3921,35,1,17,9
3922,25,1,14,9
3923,18,1,4,9
3924,35,1,2,9
3925,50,1,12,9
3926,25,1,12,9
3927,25,1,2,9
3928,25,2,16,9
3929,25,1,0,9
3930,25,1,5,9
3931,56,1,3,9
3932,25,1,5,9
3933,25,1,7,9
3934,35,2,6,9
3935,25,1,0,9
3936,35,1,18,9
3937,35,2,12,9
3938,56,1,2,9
3939,25,1,2,9
3940,45,1,7,9
3941,35,1,20,9
3942,45,1,17,9
3943,18,1,4,9
3944,35,2,7,9
3945,35,2,16,9
3946,45,2,1,9
3947,25,2,12,9
3948,25,1,0,9
3949,45,2,12,9
3950,45,1,0,9
3951,25,1,4,9
3952,18,2,4,9
3953,45,2,1,9
3954,25,1,12,9
3955,18,1,4,9
3956,35,1,0,9
3957,25,1,0,9
3958,35,1,11,9
3959,45,1,7,9
3960,45,2,1,9
3961,35,2,14,8
3962,25,1,1,9
3963,56,2,0,9
3964,50,1,20,9
3965,56,1,16,9
3966,18,1,11,9
3967,25,1,0,9
3968,18,2,2,9
3969,25,1,2,9
3970,56,1,7,8
3971,25,2,2,9
3972,18,2,4,9
3973,25,2,6,9
3974,25,1,7,9
3975,35,1,0,9
3976,25,2,5,9
3977,25,2,0,9
3978,35,1,14,9
3979,35,1,13,9
3980,50,2,9,9
3981,25,1,4,9
3982,45,2,0,9
3983,56,1,13,9
3984,25,1,0,9
3985,25,1,7,9
3986,45,1,16,9
3987,25,1,7,9
3988,18,2,4,9
3989,25,2,14,9
3990,50,1,12,9
3991,25,1,16,9
3992,25,1,7,9
3993,25,1,4,9
3994,25,1,0,9
3995,50,1,7,9
3996,35,1,17,9
3997,18,1,14,9
3998,35,1,17,9
3999,45,1,0,9
4000,35,1,17,9
4001,35,1,7,9
4002,25,2,1,9
4003,45,1,16,9
4004,56,1,13,9
4005,50,1,0,9
4006,35,1,7,9
4007,1,1,7,9
4008,35,1,12,9
4009,18,1,1,9
4010,18,1,7,9
4011,25,1,14,9
4012,25,1,17,9
4013,18,1,4,9
4014,25,1,1,9
4015,25,1,0,9
4016,45,2,3,9
4017,50,1,0,9
4018,25,1,14,9
4019,45,2,20,9
4020,35,1,17,9
4021,25,1,6,9
4022,50,1,20,9
4023,35,1,14,9
4024,35,2,9,9
4025,25,1,5,9
4026,56,2,6,9
4027,25,1,7,9
4028,25,2,7,9
4029,25,1,4,9
4030,56,2,3,9
4031,35,1,7,9
4032,25,1,0,9
4033,25,1,12,9
4034,25,1,6,9
4035,25,1,0,9
4036,18,1,4,9
4037,25,1,1,9
4038,50,1,16,9
4039,50,1,6,8
4040,25,1,16,9
4041,25,1,20,9
4042,18,1,3,9
4043,35,1,15,9
4044,25,2,15,9
4045,35,2,3,9
4046,56,1,13,8
4047,45,1,17,9
4048,18,1,4,9
4049,35,2,1,9
4050,45,1,11,9
4051,35,1,6,9
4052,18,1,14,9
4053,25,1,2,7
4054,25,1,18,9
4055,35,1,3,9
4056,50,1,0,9
4057,1,1,10,9
4058,35,1,6,9
4059,25,1,6,9
4060,25,1,14,9
4061,25,1,18,9
4062,50,1,6,9
4063,25,1,7,9
4064,35,2,1,9
4065,45,1,0,9
4066,45,2,5,9
4067,25,1,0,9
4068,45,1,20,9
4069,56,1,3,7
4070,35,1,15,9
4071,25,1,15,9
4072,25,1,17,9
4073,50,1,6,9
4074,25,1,6,9
4075,35,1,6,9
4076,25,1,16,9
4077,25,1,17,9
4078,35,2,2,9
4079,25,1,15,9
4080,35,1,17,9
4081,35,1,1,9
4082,18,1,12,9
4083,25,1,20,9
4084,56,1,14,9
4085,56,1,13,9
4086,25,2,6,9
4087,1,2,10,9
4088,1,1,4,9
4089,25,1,3,9
4090,25,1,7,9
4091,56,1,6,9
4092,25,1,17,9
4093,25,2,0,9
4094,25,1,4,9
4095,25,1,17,9
4096,25,1,0,8
4097,25,1,15,9
4098,25,1,7,9
4099,35,1,7,9
4100,35,1,17,9
4101,56,1,6,7
4102,18,1,4,9
4103,1,1,10,9
4104,18,1,16,9
4105,18,1,16,9
4106,50,1,7,9
4107,25,1,16,8
4108,25,2,0,9
4109,35,1,17,9
4110,35,1,3,7
4111,45,2,7,9
4112,25,1,15,9
4113,45,1,18,9
4114,35,1,17,6
4115,35,1,14,9
4116,25,1,15,9
4117,35,1,7,9
4118,18,1,4,9
4119,25,1,3,9
4120,50,1,1,9
4121,25,1,16,9
4122,45,1,7,9
4123,18,1,19,9
4124,25,2,4,9
4125,25,1,18,9
4126,35,1,2,9
4127,25,1,17,9
4128,50,1,17,9
4129,35,1,6,9
4130,56,1,11,9
4131,35,1,6,9
4132,45,1,7,9
4133,25,1,17,9
4134,45,1,4,9
4135,45,2,12,9
4136,1,1,10,9
4137,50,1,16,7
4138,25,1,7,9
4139,25,1,7,9
4140,56,1,14,9
4141,25,1,0,9
4142,35,1,17,9
4143,56,1,7,9
4144,25,2,5,8
4145,18,1,4,9
4146,50,2,1,7
4147,35,1,17,9
4148,50,2,7,9
4149,35,2,7,9
4150,35,1,1,9
4151,25,1,0,9
4152,45,1,20,9
4153,25,1,14,9
4154,50,1,17,9
4155,25,1,1,9
4156,50,1,17,9
4157,56,1,20,9
4158,50,1,18,9
4159,1,2,10,9
4160,50,2,9,9
4161,35,1,20,9
4162,45,1,0,9
4163,25,2,14,9
4164,56,1,7,9
4165,35,1,1,9
4166,25,2,14,9
4167,25,2,7,8
4168,25,1,20,9
4169,45,2,6,9
4170,50,1,0,9
4171,45,1,7,9
4172,56,1,16,9
4173,35,1,7,9
4174,18,2,11,8
4175,35,2,3,9
4176,35,1,0,9
4177,45,1,7,9
4178,35,1,17,9
4179,50,2,16,7
4180,35,2,20,9
4181,56,1,13,9
4182,25,2,7,9
4183,25,1,18,9
4184,25,1,1,9
4185,50,1,7,7
4186,25,1,14,9
4187,25,1,7,9
4188,56,2,20,9
4189,50,1,7,9
4190,35,1,14,9
4191,45,1,17,9
4192,45,2,15,9
4193,35,1,17,6
4194,56,1,13,9
4195,18,1,4,9
4196,56,2,13,9
4197,35,1,14,9
4198,45,2,1,9
4199,18,1,4,9
4200,25,2,9,9
4201,45,1,7,9
4202,25,2,0,7
4203,25,1,7,9
4204,25,1,18,9
4205,35,1,7,9
4206,25,2,15,8
4207,35,2,1,9
4208,35,1,1,9
4209,35,2,0,9
4210,56,1,0,9
4211,25,1,17,9
4212,45,1,5,9
4213,56,1,18,9
4214,35,1,7,9
4215,25,2,0,9
4216,25,1,7,9
4217,25,1,17,7
4218,18,1,4,9
4219,50,1,17,9
4220,35,1,17,9
4221,35,1,0,9
4222,35,1,4,9
4223,45,2,17,9
4224,35,2,17,9
4225,45,2,1,9
4226,25,2,3,9
4227,35,2,6,9
4228,25,1,19,9
4229,50,1,18,9
4230,35,1,17,9
4231,56,1,13,6
4232,50,2,18,9
4233,35,2,20,8
4234,35,1,4,9
4235,45,2,3,9
4236,50,1,2,9
4237,25,2,3,9
4238,25,1,14,9
4239,35,1,16,9
4240,50,1,7,9
4241,35,1,17,9
4242,35,1,7,9
4243,50,1,7,9
4244,56,1,7,9
4245,35,1,17,9
4246,50,1,12,9
4247,35,2,7,9
4248,25,1,4,9
4249,25,1,4,9
4250,18,2,17,9
4251,50,2,0,9
4252,45,1,7,9
4253,35,2,3,9
4254,45,1,11,9
4255,25,1,17,9
4256,50,1,12,7
4257,1,2,2,9
4258,50,1,16,9
4259,25,1,17,9
4260,35,1,17,7
4261,25,1,16,9
4262,35,2,6,9
4263,35,2,6,8
4264,25,1,7,9
4265,45,1,1,7
4266,25,1,12,9
4267,56,1,13,8
4268,35,1,7,9
4269,45,2,20,9
4270,35,1,18,9
4271,45,1,7,2
4272,35,1,7,9
4273,45,1,17,9
4274,45,1,13,9
4275,45,2,1,9
4276,45,2,16,9
4277,45,2,0,9
4278,35,1,16,9
4279,45,2,7,8
4280,25,1,16,9
4281,35,1,17,9
4282,56,1,13,9
4283,35,1,0,9
4284,25,2,9,9
4285,50,1,7,9
4286,35,1,0,9
4287,35,1,17,9
4288,25,1,7,9
4289,25,2,9,6
4290,35,1,14,9
4291,25,1,17,9
4292,35,1,14,9
4293,25,1,0,9
4294,45,2,9,9
4295,1,1,10,9
4296,18,1,18,9
4297,56,1,6,9
4298,45,1,15,9
4299,18,2,14,9
4300,25,2,2,9
4301,18,2,4,9
4302,35,1,11,9
4303,50,1,1,9
4304,25,1,2,9
4305,18,1,0,9
4306,45,2,17,9
4307,45,1,7,9
4308,25,1,0,9
4309,25,1,0,9
4310,25,1,0,9
4311,25,1,4,9
4312,50,1,13,9
4313,25,1,18,9
4314,25,2,7,9
4315,25,1,17,9
4316,18,1,4,9
4317,25,1,6,9
4318,35,2,14,9
4319,25,1,5,9
4320,35,1,7,9
4321,25,1,5,9
4322,45,1,7,9
4323,50,2,6,9
4324,18,1,4,9
4325,25,1,5,9
4326,25,1,0,7
4327,45,2,13,9
4328,35,1,17,9
4329,50,1,3,9
4330,25,2,14,9
4331,45,2,6,9
4332,35,1,6,9
4333,25,2,3,7
4334,50,1,2,9
4335,25,1,1,9
4336,35,1,0,9
4337,25,2,0,9
4338,18,1,20,9
4339,18,2,5,7
4340,25,1,2,9
4341,25,2,17,7
4342,35,1,17,9
4343,25,1,0,9
4344,25,1,12,9
4345,25,1,1,9
4346,25,2,14,9
4347,18,1,17,9
4348,18,2,20,9
4349,45,1,0,9
4350,18,1,2,6
4351,18,1,2,9
4352,25,1,12,9
4353,18,1,4,9
4354,25,1,7,9
4355,35,1,14,9
4356,50,1,14,9
4357,35,1,16,9
4358,35,2,9,8
4359,35,1,17,9
4360,18,1,4,9
4361,25,2,9,9
4362,35,1,15,9
4363,25,1,17,9
4364,35,1,14,9
4365,25,1,18,9
4366,50,2,16,7
4367,18,1,15,9
4368,35,1,0,9
4369,18,1,17,9
4370,50,1,7,9
4371,25,1,16,9
4372,18,2,4,9
4373,35,1,17,9
4374,50,1,12,9
4375,18,1,4,9
4376,25,2,5,9
4377,25,2,5,9
4378,25,1,0,9
4379,18,1,17,9
4380,25,1,4,9
4381,25,2,1,9
4382,25,1,4,9
4383,25,1,18,9
4384,18,2,4,9
4385,25,1,0,9
4386,25,1,4,9
4387,25,1,5,9
4388,18,2,4,9
4389,45,1,3,9
4390,25,1,4,9
4391,25,1,0,9
4392,18,2,4,9
4393,18,1,4,9
4394,18,1,4,9
4395,25,1,4,7
4396,50,1,6,9
4397,18,1,1,9
4398,18,1,4,9
4399,18,2,4,9
4400,18,2,4,8
4401,18,2,4,9
4402,18,1,4,9
4403,18,2,14,8
4404,25,1,15,9
4405,25,1,1,9
4406,25,1,14,9
4407,25,1,16,9
4408,18,1,4,9
4409,45,2,2,9
4410,25,1,14,9
4411,18,1,19,9
4412,18,1,4,9
4413,18,1,4,9
4414,1,1,13,7
4415,25,1,4,9
4416,18,1,0,9
4417,18,1,4,9
4418,25,1,15,9
4419,50,2,0,9
4420,45,2,12,9
4421,25,1,15,9
4422,45,1,0,6
4423,25,1,5,9
4424,18,1,4,9
4425,25,1,7,9
4426,35,1,7,9
4427,45,1,17,9
4428,18,1,0,7
4429,25,1,14,9
4430,25,1,5,9
4431,25,2,0,9
4432,1,1,14,9
4433,25,1,12,9
4434,25,1,0,9
4435,35,2,7,9
4436,25,1,7,9
4437,25,1,12,9
4438,35,2,5,9
4439,50,1,0,9
4440,35,1,6,9
4441,35,1,1,9
4442,18,1,4,9
4443,50,1,15,9
4444,56,1,2,9
4445,25,2,12,7
4446,25,1,3,9
4447,18,1,18,9
4448,45,1,5,9
4449,25,1,14,9
4450,25,1,12,9
4451,25,1,15,9
4452,25,1,14,9
4453,25,2,7,9
4454,35,1,0,9
4455,25,1,20,9
4456,35,1,7,9
4457,35,2,2,9
4458,35,1,14,9
4459,25,2,4,9
4460,25,1,1,9
4461,25,1,14,9
4462,25,1,20,9
4463,25,2,0,9
4464,50,1,7,9
4465,50,2,1,7
4466,18,1,4,9
4467,35,1,11,9
4468,50,2,6,9
4469,35,2,7,9
4470,45,2,12,9
4471,35,1,12,9
4472,25,1,6,9
4473,45,2,16,9
4474,35,1,1,9
4475,35,1,7,9
4476,18,1,4,9
4477,45,1,1,9
4478,25,1,7,9
4479,1,1,12,9
4480,50,1,13,9
4481,25,1,0,9
4482,25,1,18,9
4483,35,2,1,9
4484,25,2,6,9
4485,25,2,17,9
4486,25,1,4,9
4487,35,1,8,9
4488,25,1,7,9
4489,35,1,7,9
4490,18,1,4,9
4491,35,1,5,9
4492,18,1,4,9
4493,56,1,13,6
4494,1,2,10,7
4495,45,1,0,9
4496,18,1,4,9
4497,45,1,2,9
4498,50,1,0,9
4499,50,1,7,9
4500,25,1,6,9
4501,50,1,7,9
4502,25,1,17,9
4503,50,1,0,9
4504,56,1,1,9
4505,25,2,0,9
4506,50,1,7,9
4507,50,1,16,9
4508,18,1,4,9
4509,25,1,20,9
4510,25,1,7,9
4511,45,1,7,9
4512,35,1,7,9
4513,25,1,1,9
4514,56,1,0,9
4515,18,1,3,9
4516,56,1,13,8
4517,18,1,4,9
4518,18,2,1,9
4519,25,1,0,9
4520,50,1,7,9
4521,25,1,4,9
4522,35,1,12,9
4523,45,1,1,9
4524,18,1,2,9
4525,25,1,2,9
4526,25,1,14,9
4527,25,1,20,9
4528,18,1,0,9
4529,25,1,14,9
4530,35,1,6,9
4531,35,2,1,9
4532,18,1,4,9
4533,25,1,7,9
4534,25,1,12,7
4535,18,1,4,9
4536,18,1,19,9
4537,18,1,12,9
4538,45,2,1,7
4539,25,1,12,8
4540,35,1,19,9
4541,25,2,14,9
4542,1,1,10,9
4543,35,1,0,9
4544,25,1,2,9
4545,56,1,1,9
4546,25,1,16,9
4547,25,1,7,9
4548,18,1,12,2
4549,18,1,2,7
4550,1,2,10,7
4551,18,1,16,7
4552,18,1,12,9
4553,25,1,0,9
4554,35,2,16,9
4555,25,2,9,6
4556,18,2,9,9
4557,45,1,16,9
4558,25,1,14,9
4559,35,1,14,9
4560,25,1,7,9
4561,25,1,0,9
4562,25,2,9,9
4563,35,1,10,9
4564,25,2,6,9
4565,35,1,12,9
4566,35,1,14,9
4567,35,1,17,9
4568,18,1,4,9
4569,25,2,4,9
4570,25,1,0,9
4571,45,1,17,7
4572,35,1,7,9
4573,1,2,10,9
4574,50,1,16,9
4575,25,1,4,9
4576,1,2,10,9
4577,25,2,7,7
4578,35,1,7,9
4579,25,1,0,9
4580,18,2,4,9
4581,56,2,13,9
4582,25,1,1,9
4583,25,2,0,8
4584,50,1,1,9
4585,45,2,0,9
4586,35,1,7,9
4587,25,1,4,9
4588,35,1,14,9
4589,25,2,4,9
4590,25,1,17,9
4591,18,2,20,9
4592,25,1,15,9
4593,18,1,4,9
4594,45,2,1,9
4595,35,1,16,9
4596,25,1,18,9
4597,18,2,4,9
4598,25,2,4,7
4599,35,2,3,9
4600,35,2,0,8
4601,25,1,0,9
4602,35,1,14,9
4603,35,1,7,9
4604,35,2,2,9
4605,25,1,15,6
4606,25,1,15,9
4607,1,2,10,9
4608,25,1,0,9
4609,25,2,0,9
4610,25,2,4,9
4611,25,2,4,9
4612,18,2,4,9
4613,18,2,4,9
4614,25,1,12,9
4615,45,2,1,9
4616,25,1,17,9
4617,25,1,20,9
4618,25,2,6,9
4619,25,1,14,9
4620,25,2,1,9
4621,18,2,17,9
4622,25,1,4,9
4623,25,1,12,8
4624,25,1,16,9
4625,25,1,12,9
4626,25,1,7,9
4627,25,1,14,9
4628,56,1,1,9
4629,56,2,6,7
4630,18,2,4,8
4631,25,2,4,8
4632,18,1,4,9
4633,25,1,0,9
4634,1,1,0,8
4635,50,1,20,9
4636,18,1,4,9
4637,18,1,2,7
4638,35,2,9,9
4639,25,1,4,9
4640,35,1,11,9
4641,25,1,4,9
4642,25,1,7,9
4643,25,1,0,9
4644,25,1,0,9
4645,50,1,1,9
4646,50,2,6,9
4647,25,2,6,7
4648,35,1,20,9
4649,18,1,4,8
4650,56,1,13,9
4651,25,1,7,9
4652,45,2,0,9
4653,25,2,7,9
4654,35,1,12,9
4655,35,1,20,9
4656,25,2,1,9
4657,25,1,17,9
4658,45,1,14,9
4659,25,1,4,9
4660,25,2,14,9
4661,18,2,4,9
4662,45,1,15,9
4663,18,2,4,9
4664,25,1,4,9
4665,45,2,7,9
4666,35,1,2,9
4667,35,1,1,9
4668,25,1,14,9
4669,35,1,14,9
4670,35,1,7,9
4671,35,1,5,9
4672,25,1,12,9
4673,56,1,13,9
4674,35,1,16,9
4675,35,2,7,9
4676,18,2,4,9
4677,45,1,14,9
4678,50,1,6,9
4679,35,1,2,9
4680,56,1,13,9
4681,35,1,0,9
4682,35,2,15,9
4683,25,1,7,9
4684,25,1,0,9
4685,25,2,0,9
4686,35,1,1,9
4687,18,1,1,9
4688,35,1,14,9
4689,25,1,9,9
4690,18,1,12,9
4691,1,2,10,9
4692,45,2,17,9
4693,25,2,7,9
4694,18,1,1,9
4695,56,1,7,9
4696,18,1,18,7
4697,18,1,12,5
4698,18,1,10,9
4699,25,2,6,9
4700,18,2,0,9
4701,18,2,4,9
4702,45,1,17,9
4703,25,1,11,9
4704,25,1,7,9
4705,18,1,20,9
4706,18,2,0,9
4707,25,1,14,9
4708,1,1,0,8
4709,25,1,0,9
4710,45,1,0,9
4711,35,2,16,9
4712,25,1,17,9
4713,35,1,17,9
4714,25,1,17,8
4715,50,1,1,9
4716,25,1,2,9
4717,25,2,16,9
4718,45,1,17,9
4719,35,1,7,9
4720,35,2,9,9
4721,25,1,2,7
4722,35,1,11,9
4723,35,1,12,8
4724,35,1,7,9
4725,56,2,6,9
4726,35,1,5,9
4727,35,2,16,9
4728,56,2,0,9
4729,25,1,19,9
4730,50,1,16,9
4731,50,1,11,9
4732,25,1,17,9
4733,25,1,14,9
4734,18,1,18,9
4735,50,1,1,9
4736,45,1,3,9
4737,18,1,20,9
4738,35,1,16,9
4739,56,1,1,9
4740,25,1,3,9
4741,25,2,3,9
4742,35,1,7,6
4743,25,1,3,9
4744,56,1,13,9
4745,50,1,15,9
4746,18,2,4,9
4747,50,1,1,9
4748,18,1,4,9
4749,45,1,16,9
4750,45,1,0,7
4751,25,2,0,9
4752,50,1,15,9
4753,18,2,4,7
4754,56,1,1,9
4755,18,2,0,9
4756,56,2,7,9
4757,56,1,16,7
4758,35,1,17,9
4759,56,2,13,9
4760,50,2,0,9
4761,35,1,17,9
4762,18,1,15,9
4763,25,2,14,9
4764,56,1,11,9
4765,1,1,10,9
4766,35,2,16,9
4767,35,1,16,7
4768,35,2,9,9
4769,25,1,4,9
4770,25,1,1,9
4771,35,2,7,9
4772,25,2,4,9
4773,56,1,17,9
4774,45,1,1,9
4775,45,1,14,9
4776,25,1,17,9
4777,25,2,3,9
4778,25,1,2,9
4779,25,1,0,9
4780,45,1,3,9
4781,25,1,12,9
4782,50,2,6,9
4783,45,1,1,9
4784,25,1,0,9
4785,35,2,6,9
4786,25,2,14,9
4787,45,1,6,9
4788,1,1,11,9
4789,35,1,7,9
4790,35,1,2,9
4791,25,2,2,9
4792,18,1,4,9
4793,50,2,7,9
4794,25,2,6,9
4795,35,2,0,9
4796,45,1,16,9
4797,35,1,7,9
4798,35,2,17,7
4799,25,1,1,9
4800,18,2,4,9
4801,18,1,4,9
4802,25,1,4,9
4803,56,1,1,9
4804,25,2,16,9
4805,35,2,1,9
4806,35,1,1,9
4807,25,1,17,9
4808,1,1,2,9
4809,35,1,0,9
4810,50,2,4,9
4811,18,1,12,9
4812,35,1,1,8
4813,18,1,14,9
4814,35,2,9,9
4815,18,1,14,9
4816,50,2,18,9
4817,45,2,6,9
4818,25,1,1,9
4819,25,2,17,9
4820,35,1,18,9
4821,50,1,11,9
4822,18,1,19,9
4823,35,2,0,9
4824,18,1,4,9
4825,25,1,7,9
4826,25,1,17,9
4827,45,1,12,9
4828,35,1,0,9
4829,18,2,20,9
4830,25,1,0,9
4831,1,1,10,9
4832,25,2,1,9
4833,25,1,14,9
4834,35,1,16,9
4835,45,2,9,9
4836,25,1,20,9
4837,45,2,16,9
4838,25,1,5,9
4839,45,1,1,9
4840,50,2,6,9
4841,45,2,6,9
4842,25,1,12,9
4843,35,2,1,9
4844,56,1,1,9
4845,45,1,7,9
4846,25,2,1,9
4847,25,2,2,7
4848,25,1,12,9
4849,35,2,6,9
4850,18,2,4,9
4851,45,2,3,7
4852,18,1,17,7
4853,35,1,0,9
4854,25,1,7,9
4855,50,2,13,9
4856,25,1,12,9
4857,25,1,7,9
4858,25,1,14,9
4859,25,1,1,9
4860,18,2,14,9
4861,25,1,2,7
4862,25,1,4,9
4863,25,1,0,9
4864,25,2,9,9
4865,18,1,20,9
4866,35,2,14,9
4867,56,1,12,9
4868,25,1,16,9
4869,35,1,17,9
4870,45,2,6,9
4871,35,2,3,9
4872,18,1,12,7
4873,45,1,1,9
4874,56,1,11,9
4875,25,2,4,9
4876,35,1,0,9
4877,35,2,17,9
4878,25,1,4,9
4879,50,1,4,9
4880,25,1,3,9
4881,45,2,9,7
4882,45,1,16,9
4883,45,1,11,9
4884,1,2,10,9
4885,35,1,14,9
4886,56,1,1,9
4887,35,2,17,9
4888,18,1,2,9
4889,56,2,0,9
4890,18,1,4,9
4891,25,2,1,9
4892,35,1,17,9
4893,25,1,12,9
4894,25,1,17,9
4895,35,1,7,8
4896,25,2,3,9
4897,35,1,6,7
4898,35,1,16,9
4899,25,1,1,9
4900,25,1,12,9
4901,25,1,20,9
4902,25,1,7,9
4903,35,1,14,9
4904,35,1,12,9
4905,50,1,15,9
4906,45,2,1,9
4907,50,1,17,9
4908,50,2,7,9
4909,35,1,15,9
4910,35,2,12,9
4911,18,1,12,9
4912,25,2,0,9
4913,50,2,20,7
4914,25,2,1,9
4915,25,2,1,8
4916,25,1,12,9
4917,18,1,20,9
4918,45,1,0,9
4919,18,2,12,9
4920,18,1,0,9
4921,35,1,1,9
4922,25,2,15,9
4923,18,1,17,9
4924,45,1,18,9
4925,35,2,0,8
4926,35,2,6,9
4927,1,1,10,6
4928,45,1,0,9
4929,25,2,3,9
4930,45,1,1,9
4931,50,1,17,9
4932,50,1,17,9
4933,25,1,7,9
4934,25,1,15,9
4935,25,2,0,9
4936,35,1,17,9
4937,18,2,4,9
4938,35,1,0,9
4939,18,2,4,9
4940,25,1,7,9
4941,50,2,11,9
4942,56,1,20,7
4943,45,1,12,9
4944,50,2,0,9
4945,50,1,17,9
4946,50,1,0,9
4947,35,2,1,9
4948,35,1,17,9
4949,45,1,2,9
4950,18,1,4,9
4951,25,1,16,9
4952,35,2,17,9
4953,25,2,14,9
4954,35,1,12,9
4955,45,1,0,9
4956,56,1,13,8
4957,35,1,15,9
4958,25,1,2,9
4959,18,1,7,9
4960,25,1,17,9
4961,56,1,1,9
4962,25,1,7,9
4963,25,1,6,9
4964,45,1,17,9
4965,35,1,0,9
4966,1,1,10,9
4967,50,1,14,9
4968,18,1,4,9
4969,50,2,20,7
4970,18,1,19,7
4971,25,2,12,9
4972,35,1,7,9
4973,35,1,0,9
4974,56,2,2,9
4975,35,1,20,7
4976,35,1,0,9
4977,25,1,11,9
4978,25,1,4,9
4979,35,1,14,9
4980,35,1,2,9
4981,25,1,1,9
4982,50,1,1,9
4983,25,1,12,9
4984,45,2,16,9
4985,35,1,0,9
4986,35,1,0,9
4987,18,1,12,7
4988,56,2,8,9
4989,25,1,17,9
4990,25,1,0,9
4991,25,2,4,9
4992,56,2,14,9
4993,25,2,2,9
4994,45,1,17,9
4995,45,1,17,9
4996,50,1,20,9
4997,35,1,7,9
4998,1,1,10,8
4999,18,2,4,9
5000,56,2,13,9
5001,25,1,4,9
5002,25,2,2,9
5003,25,1,17,9
5004,35,1,12,9
5005,56,2,1,9
5006,45,1,16,9
5007,35,1,3,8
5008,18,2,4,9
5009,25,1,20,9
5010,45,2,16,9
5011,45,1,15,9
5012,18,1,4,9
5013,50,1,15,7
5014,18,1,4,9
5015,45,1,0,9
5016,35,1,6,9
5017,35,2,1,9
5018,35,1,12,9
5019,56,2,12,9
5020,25,1,7,9
5021,56,2,13,9
5022,50,1,6,9
5023,35,1,7,9
5024,35,1,20,9
5025,45,2,1,9
5026,25,1,20,9
5027,25,1,17,9
5028,25,2,14,9
5029,25,1,12,9
5030,25,1,4,9
5031,18,1,1,8
5032,25,2,4,9
5033,18,1,17,9
5034,56,2,13,9
5035,25,2,15,9
5036,25,2,17,9
5037,35,1,7,8
5038,35,1,12,9
5039,25,1,20,9
5040,35,2,4,9
5041,45,1,12,9
5042,45,2,6,9
5043,18,2,2,9
5044,18,2,6,9
5045,35,2,6,9
5046,35,1,0,9
5047,25,1,16,9
5048,45,1,6,9
5049,35,2,7,9
5050,25,1,12,9
5051,18,2,4,9
5052,50,2,7,8
5053,35,1,16,9
5054,25,1,4,9
5055,35,1,2,9
5056,35,2,16,9
5057,45,1,1,9
5058,50,1,7,9
5059,56,1,17,9
5060,45,1,16,9
5061,45,1,17,9
5062,18,2,19,9
5063,50,1,16,9
5064,1,2,10,9
5065,18,1,4,9
5066,25,1,14,9
5067,25,2,1,9
5068,56,1,13,9
5069,35,1,7,9
5070,56,2,0,9
5071,25,1,2,9
5072,25,2,7,9
5073,45,1,17,9
5074,56,1,2,9
5075,1,1,0,9
5076,50,1,6,9
5077,25,1,3,9
5078,25,1,2,9
5079,45,1,7,9
5080,25,1,4,9
5081,50,2,12,9
5082,18,2,4,9
5083,35,1,1,9
5084,25,1,4,9
5085,18,1,4,9
5086,56,1,17,9
5087,25,1,1,9
5088,25,2,6,9
5089,25,1,17,9
5090,35,2,16,9
5091,35,2,19,9
5092,25,1,17,9
5093,56,1,14,9
5094,50,1,7,9
5095,18,1,10,9
5096,35,2,1,9
5097,25,1,11,9
5098,56,1,16,9
5099,50,1,7,9
5100,18,1,0,9
5101,50,1,6,9
5102,25,1,0,9
5103,25,1,12,9
5104,35,2,16,9
5105,35,1,20,9
5106,50,1,7,9
5107,35,2,1,9
5108,45,2,0,9
5109,25,2,9,9
5110,45,2,6,9
5111,35,1,15,9
5112,35,1,2,9
5113,35,1,13,9
5114,25,1,0,9
5115,1,2,10,9
5116,56,1,12,9
5117,35,1,6,8
5118,25,2,0,7
5119,1,1,10,9
5120,25,2,0,9
5121,50,1,7,9
5122,25,1,7,9
5123,25,1,0,7
5124,50,1,12,9
5125,35,1,2,9
5126,45,1,0,7
5127,25,1,11,9
5128,45,1,5,9
5129,50,1,7,9
5130,45,1,17,9
5131,50,2,1,9
5132,25,2,1,9
5133,35,1,7,9
5134,18,1,11,7
5135,25,1,17,9
5136,35,1,7,9
5137,25,1,12,9
5138,18,1,18,9
5139,25,1,17,9
5140,50,1,16,9
5141,25,1,6,9
5142,18,1,17,9
5143,25,1,1,9
5144,18,1,4,9
5145,50,2,0,9
5146,35,1,7,7
5147,56,1,1,7
5148,18,1,0,9
5149,25,1,20,9
5150,35,1,1,9
5151,25,1,3,9
5152,18,1,19,9
5153,25,2,4,9
5154,25,1,7,9
5155,25,1,16,6
5156,25,1,16,9
5157,18,1,14,9
5158,35,1,1,9
5159,18,2,4,9
5160,35,1,7,7
5161,18,2,4,9
5162,25,1,4,9
5163,25,1,17,9
5164,45,1,6,9
5165,35,2,17,9
5166,35,1,6,9
5167,50,1,6,9
5168,18,1,15,9
5169,35,1,7,9
5170,50,2,4,9
5171,18,1,4,9
5172,56,1,17,7
5173,35,2,11,9
5174,1,1,10,9
5175,45,1,1,8
5176,35,2,9,9
5177,1,1,10,9
5178,45,1,14,9
5179,50,1,0,9
5180,25,1,12,9
5181,35,1,11,9
5182,25,1,7,9
5183,35,2,7,9
5184,18,2,20,9
5185,18,1,20,9
5186,35,2,4,9
5187,35,1,12,9
5188,18,1,16,9
5189,35,2,9,9
5190,45,2,7,9
5191,35,2,0,9
5192,25,2,4,9
5193,25,1,7,9
5194,35,1,12,9
5195,25,1,7,9
5196,35,1,7,9
5197,56,1,7,9
5198,56,2,3,9
5199,18,2,4,9
5200,25,2,1,9
5201,35,2,15,9
5202,50,1,7,9
5203,18,1,4,9
5204,45,2,6,9
5205,50,1,13,9
5206,25,1,1,9
5207,35,1,7,9
5208,25,1,0,9
5209,25,1,4,9
5210,50,1,1,9
5211,35,2,17,9
5212,25,1,1,9
5213,18,1,2,8
5214,18,1,0,9
5215,35,2,9,9
5216,56,2,6,9
5217,18,1,2,3
5218,25,1,17,9
5219,18,1,0,9
5220,18,1,4,9
5221,25,1,7,9
5222,56,2,1,9
5223,25,1,12,9
5224,56,1,10,9
5225,35,1,1,9
5226,18,1,4,9
5227,35,1,0,9
5228,18,1,10,9
5229,1,1,0,9
5230,25,1,0,9
5231,25,1,12,9
5232,35,1,7,7
5233,25,1,4,9
5234,25,1,5,9
5235,25,2,0,9
5236,25,1,4,9
5237,25,1,14,9
5238,25,1,7,9
5239,50,2,16,9
5240,35,1,7,9
5241,25,2,0,9
5242,25,2,4,9
5243,25,1,1,9
5244,1,1,10,9
5245,18,1,4,8
5246,45,2,1,6
5247,18,2,0,9
5248,1,2,10,9
5249,45,2,14,9
5250,45,2,14,9
5251,50,1,6,9
5252,25,2,17,9
5253,25,1,20,9
5254,56,2,13,9
5255,18,1,4,9
5256,1,1,10,9
5257,25,1,16,9
5258,25,2,2,9
5259,35,1,4,7
5260,25,1,6,9
5261,35,1,7,9
5262,35,1,12,9
5263,25,2,14,9
5264,35,1,7,9
5265,18,1,4,9
5266,45,1,1,9
5267,35,1,1,9
5268,35,1,7,9
5269,25,2,2,9
5270,18,1,0,9
5271,25,1,12,9
5272,25,2,0,9
5273,25,1,7,9
5274,56,1,20,9
5275,25,1,0,8
5276,25,1,17,9
5277,25,2,4,9
5278,25,1,20,9
5279,25,2,7,9
5280,25,2,14,9
5281,18,1,4,7
5282,25,1,2,9
5283,18,2,4,9
5284,18,1,2,9
5285,25,1,16,9
5286,18,1,4,7
5287,45,1,16,9
5288,25,1,8,9
5289,56,1,13,9
5290,45,1,2,9
5291,18,2,4,9
5292,45,1,1,9
5293,25,1,0,7
5294,25,1,12,9
5295,25,1,2,9
5296,35,1,7,9
5297,1,2,0,9
5298,25,1,12,9
5299,35,1,17,9
5300,25,1,2,9
5301,25,1,20,9
5302,25,1,17,9
5303,1,2,10,9
5304,56,2,6,9
5305,35,2,9,9
5306,18,2,4,9
5307,25,2,17,9
5308,25,1,5,8
5309,56,1,7,9
5310,25,1,0,9
5311,56,2,1,9
5312,50,1,0,9
5313,25,1,1,9
5314,56,1,0,9
5315,25,2,0,6
5316,25,1,12,7
5317,18,1,4,6
5318,25,2,0,9
5319,18,1,17,9
5320,18,1,17,9
5321,18,2,5,8
5322,25,1,4,9
5323,35,1,17,9
5324,25,1,20,9
5325,25,1,7,9
5326,50,2,7,9
5327,25,1,2,9
5328,25,1,7,9
5329,25,2,4,9
5330,25,2,5,9
5331,25,2,0,9
5332,35,1,14,9
5333,18,1,4,9
5334,25,2,7,9
5335,56,2,13,9
5336,25,1,14,9
5337,56,1,7,9
5338,35,2,3,9
5339,25,1,17,9
5340,18,1,17,9
5341,50,2,3,9
5342,25,2,3,9
5343,35,2,7,9
5344,25,2,9,9
5345,50,2,1,9
5346,25,2,17,9
5347,25,2,3,9
5348,25,1,6,9
5349,18,1,5,9
5350,50,2,2,9
5351,18,1,5,9
5352,45,2,1,8
5353,35,2,5,9
5354,25,1,6,9
5355,45,2,3,9
5356,56,1,0,9
5357,45,1,0,9
5358,18,2,20,7
5359,35,1,7,9
5360,18,1,16,9
5361,18,1,12,7
5362,50,2,16,9
5363,35,1,13,9
5364,56,1,13,9
5365,25,2,3,9
5366,18,1,12,9
5367,18,1,12,9
5368,18,1,4,9
5369,25,2,17,9
5370,25,1,15,9
5371,25,1,12,6
5372,25,1,11,9
5373,25,1,4,9
5374,18,1,12,9
5375,35,1,7,9
5376,25,1,0,9
5377,25,1,17,9
5378,18,2,3,9
5379,35,1,18,9
5380,25,1,7,8
5381,18,1,4,5
5382,25,1,14,9
5383,18,1,4,9
5384,35,1,1,6
5385,25,2,3,8
5386,25,1,12,9
5387,25,1,14,9
5388,25,2,1,9
5389,18,2,4,6
5390,45,1,7,9
5391,1,1,0,9
5392,25,1,7,7
5393,50,1,1,9
5394,35,1,7,9
5395,18,1,0,9
5396,50,1,1,9
5397,25,1,6,9
5398,18,1,0,9
5399,56,1,17,7
5400,25,1,1,9
5401,18,2,4,7
5402,18,2,1,9
5403,25,2,0,9
5404,1,1,10,9
5405,25,1,0,9
5406,50,2,7,9
5407,35,2,0,9
5408,35,2,17,9
5409,25,1,20,9
5410,45,1,1,9
5411,45,2,2,9
5412,1,2,19,7
5413,25,1,12,9
5414,35,1,1,9
5415,1,1,10,9
5416,25,2,7,9
5417,25,2,5,9
5418,18,1,17,9
5419,25,2,0,9
5420,18,2,12,9
5421,1,2,19,9
5422,35,1,17,9
5423,50,1,7,9
5424,50,2,5,9
5425,35,2,2,9
5426,18,1,4,9
5427,25,1,14,9
5428,35,1,19,9
5429,25,2,6,9
5430,25,2,1,9
5431,45,2,1,9
5432,56,1,1,9
5433,56,1,13,9
5434,35,2,17,9
5435,25,2,7,9
5436,45,1,18,9
5437,18,1,4,9
5438,25,1,11,9
5439,25,1,14,9
5440,56,1,13,6
5441,45,2,2,9
5442,50,1,7,9
5443,25,1,7,9
5444,25,1,12,9
5445,18,2,4,9
5446,25,1,0,9
5447,50,2,1,9
5448,45,1,2,9
5449,45,1,19,9
5450,18,1,12,9
5451,18,1,12,9
5452,25,2,1,9
5453,35,1,6,9
5454,18,1,4,9
5455,35,1,7,9
5456,18,2,17,9
5457,35,1,1,9
5458,18,1,12,9
5459,18,2,2,9
5460,1,2,10,9
5461,18,1,4,9
5462,50,1,0,9
5463,25,1,17,7
5464,35,1,0,9
5465,35,1,7,9
5466,25,2,0,9
5467,25,1,12,9
5468,35,1,0,9
5469,25,1,12,9
5470,35,1,12,9
5471,56,1,7,9
5472,18,1,7,9
5473,35,1,1,9
5474,25,1,1,9
5475,25,1,12,9
5476,25,1,4,9
5477,35,2,0,9
5478,35,1,1,9
5479,35,1,7,9
5480,35,1,1,9
5481,25,2,14,9
5482,45,1,12,7
5483,18,1,7,9
5484,25,2,6,9
5485,45,1,17,9
5486,25,1,4,9
5487,25,1,0,9
5488,25,1,17,8
5489,25,1,15,9
5490,18,1,7,9
5491,45,1,17,9
5492,18,1,7,9
5493,18,1,4,9
5494,35,1,12,9
5495,35,2,17,9
5496,18,2,4,6
5497,25,1,7,9
5498,25,1,4,9
5499,50,2,1,9
5500,25,2,19,9
5501,35,2,20,9
5502,25,1,2,9
5503,25,1,2,9
5504,25,2,9,7
5505,45,1,7,9
5506,25,2,4,9
5507,18,2,14,8
5508,45,1,7,9
5509,25,1,20,9
5510,25,1,0,9
5511,18,1,4,9
5512,45,1,1,9
5513,25,2,17,9
5514,35,1,1,9
5515,1,2,10,7
5516,18,1,4,8
5517,50,2,16,9
5518,56,1,0,9
5519,50,1,17,9
5520,35,1,15,9
5521,45,1,1,9
5522,25,2,6,9
5523,25,1,14,9
5524,35,1,0,9
5525,1,2,10,9
5526,1,2,10,9
5527,35,2,2,9
5528,25,1,1,7
5529,50,1,1,9
5530,18,1,6,8
5531,18,2,4,9
5532,50,1,17,9
5533,25,1,17,9
5534,50,2,2,7
5535,45,1,16,8
5536,25,1,15,9
5537,25,1,16,9
5538,56,2,1,9
5539,45,1,12,9
5540,25,2,20,9
5541,35,1,1,9
5542,56,1,7,9
5543,45,1,7,9
5544,25,1,17,9
5545,25,1,15,9
5546,35,2,16,9
5547,18,1,14,9
5548,18,2,4,9
5549,18,2,4,9
5550,50,2,9,9
5551,35,1,15,9
5552,35,2,20,9
5553,50,1,7,8
5554,35,1,3,9
5555,25,1,1,9
5556,1,1,10,9
5557,45,1,6,9
5558,35,1,14,9
5559,1,1,10,9
5560,50,1,1,9
5561,35,2,17,9
5562,25,2,3,9
5563,35,2,1,9
5564,25,2,7,7
5565,45,1,20,9
5566,18,1,17,9
5567,35,1,7,9
5568,50,1,3,9
5569,18,1,4,9
5570,18,2,1,9
5571,25,1,1,9
5572,25,2,9,9
5573,25,2,4,9
5574,35,2,1,9
5575,25,1,0,9
5576,35,1,7,9
5577,25,1,4,9
5578,50,1,1,9
5579,18,2,1,9
5580,35,2,7,9
5581,45,1,7,9
5582,25,1,0,9
5583,45,1,1,9
5584,56,1,15,9
5585,50,2,0,9
5586,25,1,4,9
5587,35,1,20,9
5588,25,1,17,9
5589,25,2,20,9
5590,25,2,0,7
5591,45,2,12,8
5592,18,1,0,9
5593,25,1,1,9
5594,50,1,16,9
5595,45,2,0,9
5596,25,1,20,9
5597,35,1,12,9
5598,18,2,4,9
5599,18,1,4,9
5600,35,1,7,9
5601,45,2,0,9
5602,35,1,1,9
5603,35,1,0,9
5604,50,1,7,9
5605,35,1,15,9
5606,18,2,2,9
5607,25,2,14,9
5608,18,1,4,9
5609,18,1,3,8
5610,50,2,1,9
5611,25,2,1,9
5612,35,2,7,8
5613,25,2,1,7
5614,35,2,0,9
5615,25,1,0,9
5616,35,1,7,9
5617,45,1,1,9
5618,25,1,14,9
5619,18,2,4,9
5620,18,2,4,9
5621,35,1,14,9
5622,25,1,7,9
5623,35,1,15,9
5624,25,1,11,9
5625,25,1,7,9
5626,25,1,1,9
5627,56,1,16,9
5628,25,1,0,9
5629,18,1,4,9
5630,25,1,14,9
5631,35,1,17,9
5632,35,1,12,9
5633,18,2,4,9
5634,50,1,1,9
5635,25,1,14,9
5636,35,2,9,8
5637,25,1,7,9
5638,1,1,10,9
5639,18,1,1,9
5640,18,2,4,9
5641,35,1,17,8
5642,25,2,17,9
5643,1,1,10,8
5644,35,2,1,9
5645,18,2,4,9
5646,25,1,2,9
5647,18,1,4,9
5648,18,1,1,9
5649,25,1,17,9
5650,18,2,4,9
5651,35,2,12,9
5652,25,2,6,8
5653,18,1,0,9
5654,50,1,1,9
5655,25,1,4,9
5656,25,2,6,9
5657,25,1,15,6
5658,50,1,14,9
5659,56,1,0,9
5660,25,1,0,9
5661,25,1,2,9
5662,25,2,15,9
5663,1,1,10,9
5664,35,2,20,9
5665,18,1,4,9
5666,18,1,4,9
5667,18,1,16,5
5668,35,1,7,9
5669,25,2,3,9
5670,56,1,1,9
5671,18,1,4,9
5672,25,1,1,9
5673,25,2,4,9
5674,35,2,1,8
5675,35,1,7,9
5676,35,1,14,9
5677,25,1,20,9
5678,25,1,1,9
5679,35,1,17,9
5680,35,1,2,9
5681,50,1,20,9
5682,25,2,7,9
5683,18,1,0,9
5684,18,2,9,9
5685,18,1,16,9
5686,25,1,17,8
5687,56,1,16,9
5688,1,2,0,9
5689,18,2,4,9
5690,25,1,0,9
5691,18,1,4,9
5692,35,1,14,9
5693,25,2,7,9
5694,25,2,4,9
5695,25,2,12,7
5696,35,2,3,9
5697,25,2,14,7
5698,25,1,0,6
5699,35,1,14,9
5700,35,1,15,9
5701,18,2,14,8
5702,25,1,7,9
5703,18,1,0,9
5704,56,1,1,9
5705,18,2,4,9
5706,18,2,4,9
5707,18,1,17,9
5708,25,1,12,9
5709,35,1,1,9
5710,18,1,4,9
5711,25,1,15,9
5712,25,1,7,9
5713,35,1,1,9
5714,50,2,7,9
5715,35,1,2,9
5716,18,1,4,9
5717,1,1,10,9
5718,25,1,0,9
5719,35,2,14,9
5720,56,1,7,9
5721,25,1,0,9
5722,45,1,11,9
5723,25,1,20,9
5724,18,1,12,9
5725,25,1,15,9
5726,18,1,2,9
5727,25,1,1,9
5728,25,1,4,7
5729,35,2,20,9
5730,18,1,10,9
5731,18,1,0,9
5732,25,2,11,9
5733,25,2,11,7
5734,25,1,4,9
5735,25,2,14,9
5736,25,1,6,9
5737,25,1,1,9
5738,45,1,15,9
5739,25,1,12,9
5740,25,1,7,9
5741,25,1,1,9
5742,50,1,13,9
5743,25,2,12,9
5744,35,2,0,9
5745,25,2,4,9
5746,18,2,4,9
5747,18,1,15,9
5748,25,1,0,9
5749,25,1,0,9
5750,25,1,2,9
5751,18,1,1,9
5752,1,2,0,9
5753,56,2,0,9
5754,18,1,17,9
5755,18,2,1,9
5756,35,2,2,9
5757,1,2,10,9
5758,1,1,10,9
5759,50,2,1,9
5760,25,2,1,9
5761,18,1,12,7
5762,25,1,20,9
5763,35,2,6,9
5764,25,2,1,9
5765,50,2,12,9
5766,25,1,11,9
5767,56,1,14,9
5768,25,1,2,9
5769,1,2,7,9
5770,45,1,14,9
5771,25,1,0,9
5772,25,1,7,9
5773,35,1,7,6
5774,25,1,6,7
5775,18,1,4,9
5776,25,1,11,9
5777,18,1,12,9
5778,1,1,0,9
5779,35,1,12,9
5780,25,1,5,9
5781,18,1,17,9
5782,25,1,2,7
5783,35,2,0,9
5784,45,2,1,9
5785,18,1,10,8
5786,25,2,7,9
5787,25,1,6,9
5788,25,1,20,9
5789,25,1,0,9
5790,25,1,17,9
5791,35,2,0,9
5792,18,1,4,9
5793,25,1,17,9
5794,25,1,2,8
5795,35,1,17,9
5796,25,1,1,9
5797,25,2,7,9
5798,25,1,7,9
5799,35,1,0,9
5800,25,1,5,9
5801,35,1,18,9
5802,25,1,16,9
5803,25,2,0,9
5804,1,1,10,9
5805,35,2,7,9
5806,25,2,0,9
5807,50,2,1,9
5808,35,1,7,9
5809,25,2,7,9
5810,25,1,7,9
5811,50,1,16,8
5812,18,1,4,9
5813,25,2,7,9
5814,25,1,7,9
5815,25,1,0,9
5816,25,1,20,9
5817,25,1,0,9
5818,25,1,17,6
5819,25,1,4,6
5820,50,1,6,7
5821,45,1,0,9
5822,25,1,15,9
5823,35,2,4,9
5824,25,1,12,9
5825,18,1,12,9
5826,25,2,4,9
5827,18,1,4,9
5828,25,1,2,9
5829,25,1,17,7
5830,25,2,4,9
5831,18,2,4,9
5832,25,1,1,9
5833,25,2,0,9
5834,35,2,0,9
5835,56,1,16,9
5836,35,2,0,9
5837,25,1,0,9
5838,25,1,7,9
5839,45,2,7,9
5840,25,1,1,9
5841,1,2,0,9
5842,35,2,7,9
5843,25,1,4,9
5844,35,1,1,9
5845,1,2,10,9
5846,25,2,3,9
5847,45,1,16,9
5848,18,2,4,9
5849,50,1,20,9
5850,35,1,17,9
5851,25,2,7,9
5852,18,2,20,9
5853,25,2,1,9
5854,50,1,19,9
5855,45,1,7,9
5856,50,1,7,9
5857,25,2,7,9
5858,45,2,2,9
5859,25,1,4,9
5860,25,1,7,9
5861,25,2,4,9
5862,50,2,1,9
5863,25,2,9,9
5864,25,2,14,9
5865,50,2,1,9
5866,25,1,17,9
5867,25,2,6,7
5868,45,2,3,9
5869,35,1,14,9
5870,25,2,7,9
5871,25,1,14,6
5872,25,2,4,9
5873,25,1,17,9
5874,18,1,12,9
5875,25,1,4,9
5876,25,1,4,9
5877,50,1,7,6
5878,18,1,12,7
5879,25,2,0,9
5880,35,1,7,9
5881,25,1,1,9
5882,35,1,17,9
5883,35,1,7,9
5884,18,2,0,9
5885,18,1,4,9
5886,25,1,1,9
5887,25,1,20,9
5888,35,2,20,9
5889,25,1,20,9
5890,50,1,20,9
5891,35,1,20,9
5892,18,1,4,9
5893,45,1,2,9
5894,25,1,7,9
5895,35,1,0,9
5896,25,1,1,9
5897,25,1,0,9
5898,25,1,20,9
5899,18,2,0,9
5900,35,1,17,6
5901,25,1,7,9
5902,35,2,7,7
5903,50,1,16,9
5904,25,1,11,9
5905,45,2,12,7
5906,35,2,20,9
5907,18,2,4,9
5908,25,1,2,9
5909,25,1,4,9
5910,18,1,20,9
5911,45,2,20,9
5912,25,2,17,9
5913,25,1,1,9
5914,18,2,0,9
5915,35,1,2,9
5916,18,1,4,9
5917,50,1,20,9
5918,50,2,1,9
5919,25,1,12,7
5920,18,1,0,7
5921,25,2,1,9
5922,25,1,6,9
5923,56,1,3,9
5924,25,1,7,6
5925,35,1,0,9
5926,25,2,0,9
5927,50,2,7,9
5928,35,1,14,9
5929,45,1,1,9
5930,35,2,0,9
5931,35,2,17,9
5932,18,2,7,9
5933,18,1,14,7
5934,25,1,2,7
5935,25,1,14,9
5936,18,1,0,9
5937,18,1,4,9
5938,25,1,12,9
5939,25,1,1,9
5940,45,2,15,9
5941,50,1,12,9
5942,25,2,0,7
5943,45,1,1,9
5944,45,2,1,9
5945,18,2,10,9
5946,35,2,2,9
5947,56,2,1,9
5948,45,2,16,9
5949,56,1,13,9
5950,18,1,17,9
5951,25,1,4,9
5952,18,1,4,9
5953,45,2,1,9
5954,1,1,10,9
5955,45,1,11,9
5956,25,2,7,9
5957,18,2,4,9
5958,18,1,20,9
5959,45,1,14,9
5960,18,2,4,9
5961,45,2,0,9
5962,45,2,0,9
5963,35,1,7,9
5964,25,1,15,9
5965,18,1,5,9
5966,25,1,17,9
5967,35,2,9,9
5968,50,1,16,9
5969,56,1,7,8
5970,45,1,13,9
5971,35,1,11,9
5972,35,1,7,9
5973,25,2,20,9
5974,1,1,10,9
5975,25,2,1,9
5976,25,1,14,9
5977,25,2,1,9
5978,35,1,1,9
5979,35,1,1,9
5980,25,1,1,7
5981,56,1,1,9
5982,35,1,7,9
5983,35,1,1,9
5984,25,1,3,9
5985,25,1,1,9
5986,18,2,4,9
5987,56,2,1,9
5988,25,1,16,9
5989,25,1,15,9
5990,1,2,10,9
5991,25,2,20,9
5992,35,2,20,9
5993,18,2,4,9
5994,50,2,20,8
5995,35,1,1,9
5996,35,2,1,9
5997,25,2,0,9
5998,25,2,7,9
5999,18,1,4,9
6000,25,2,1,9
6001,45,1,17,9
6002,25,2,7,9
6003,50,1,0,9
6004,45,2,17,9
6005,25,2,15,9
6006,25,2,5,9
6007,1,2,0,9
6008,35,1,17,9
6009,18,1,4,9
6010,25,2,12,9
6011,35,1,0,9
6012,35,1,15,9
6013,35,1,15,6
6014,25,2,20,9
6015,45,1,1,9
6016,25,2,9,9
6017,45,1,1,9
6018,35,2,7,9
6019,35,1,1,9
6020,25,1,0,9
6021,50,1,16,9
6022,25,1,12,9
6023,25,1,17,9
6024,25,1,0,9
6025,25,1,12,9
6026,25,2,1,9
6027,35,1,6,9
6028,18,1,4,9
6029,18,1,4,9
6030,25,2,1,9
6031,25,1,17,9
6032,18,2,0,9
6033,45,1,7,9
6034,50,1,13,9
6035,25,1,14,9
6036,25,2,1,9
6037,25,2,15,9
6038,45,2,1,9
6039,56,2,1,9
6040,45,2,0,9
6041,25,1,6,9
